100 2 
0.00000E+00 3.51105E-03 1.00000E+00 3.50858E+02 
7.89592E+00 3.50922E-03 9.99990E-01 3.50858E+02 
1.57918E+01 3.50375E-03 9.99923E-01 3.50857E+02 
2.36878E+01 3.49463E-03 9.99741E-01 3.50854E+02 
3.15837E+01 3.48190E-03 9.99386E-01 3.50844E+02 
3.94796E+01 3.46556E-03 9.98804E-01 3.50823E+02 
4.73755E+01 3.44567E-03 9.97937E-01 3.50785E+02 
5.52715E+01 3.42224E-03 9.96733E-01 3.50723E+02 
6.31674E+01 3.39534E-03 9.95137E-01 3.50628E+02 
7.10633E+01 3.36501E-03 9.93100E-01 3.50491E+02 
7.89592E+01 3.33133E-03 9.90571E-01 3.50301E+02 
8.68551E+01 3.29435E-03 9.87503E-01 3.50046E+02 
9.47511E+01 3.25415E-03 9.83851E-01 3.49714E+02 
1.02647E+02 3.21083E-03 9.79573E-01 3.49292E+02 
1.10543E+02 3.16448E-03 9.74630E-01 3.48764E+02 
1.18439E+02 3.11520E-03 9.68986E-01 3.48118E+02 
1.26335E+02 3.06310E-03 9.62608E-01 3.47337E+02 
1.34231E+02 3.00830E-03 9.55467E-01 3.46406E+02 
1.42127E+02 2.95093E-03 9.47538E-01 3.45310E+02 
1.50023E+02 2.89112E-03 9.38800E-01 3.44033E+02 
1.57918E+02 2.82902E-03 9.29237E-01 3.42560E+02 
1.65814E+02 2.76478E-03 9.18837E-01 3.40876E+02 
1.73710E+02 2.69855E-03 9.07593E-01 3.38966E+02 
1.81606E+02 2.63051E-03 8.95503E-01 3.36818E+02 
1.89502E+02 2.56081E-03 8.82569E-01 3.34417E+02 
1.97398E+02 2.48963E-03 8.68799E-01 3.31753E+02 
2.05294E+02 2.41716E-03 8.54207E-01 3.28814E+02 
2.13190E+02 2.34358E-03 8.38809E-01 3.25592E+02 
2.21086E+02 2.26907E-03 8.22629E-01 3.22078E+02 
2.28982E+02 2.19382E-03 8.05695E-01 3.18267E+02 
2.36878E+02 2.11802E-03 7.88039E-01 3.14154E+02 
2.44774E+02 2.04186E-03 7.69698E-01 3.09737E+02 
2.52670E+02 1.96553E-03 7.50714E-01 3.05014E+02 
2.60565E+02 1.88922E-03 7.31132E-01 2.99989E+02 
2.68461E+02 1.81312E-03 7.11001E-01 2.94664E+02 
2.76357E+02 1.73740E-03 6.90374E-01 2.89044E+02 
2.84253E+02 1.66224E-03 6.69306E-01 2.83139E+02 
2.92149E+02 1.58781E-03 6.47856E-01 2.76957E+02 
3.00045E+02 1.51427E-03 6.26084E-01 2.70510E+02 
3.07941E+02 1.44183E-03 6.04064E-01 2.63816E+02 
3.15837E+02 1.37065E-03 5.81863E-01 2.56891E+02 
3.23733E+02 1.30085E-03 5.59544E-01 2.49754E+02 
3.31629E+02 1.23257E-03 5.37170E-01 2.42423E+02 
3.39525E+02 1.16592E-03 5.14804E-01 2.34917E+02 
3.47421E+02 1.10099E-03 4.92506E-01 2.27258E+02 
3.55317E+02 1.03790E-03 4.70338E-01 2.19469E+02 
3.63212E+02 9.76721E-04 4.48360E-01 2.11573E+02 
3.71108E+02 9.17527E-04 4.26627E-01 2.03594E+02 
3.79004E+02 8.60383E-04 4.05196E-01 1.95557E+02 
3.86900E+02 8.05340E-04 3.84119E-01 1.87485E+02 
3.94796E+02 7.52439E-04 3.63444E-01 1.79405E+02 
4.02692E+02 7.01711E-04 3.43218E-01 1.71340E+02 
4.10588E+02 6.53173E-04 3.23482E-01 1.63315E+02 
4.18484E+02 6.06836E-04 3.04275E-01 1.55353E+02 
4.26380E+02 5.62699E-04 2.85632E-01 1.47478E+02 
4.34276E+02 5.20751E-04 2.67582E-01 1.39711E+02 
4.42172E+02 4.80973E-04 2.50152E-01 1.32073E+02 
4.50068E+02 4.43339E-04 2.33364E-01 1.24584E+02 
4.57964E+02 4.07813E-04 2.17236E-01 1.17262E+02 
4.65859E+02 3.74353E-04 2.01782E-01 1.10124E+02 
4.73755E+02 3.42910E-04 1.87011E-01 1.03185E+02 
4.81651E+02 3.13431E-04 1.72930E-01 9.64592E+01 
4.89547E+02 2.85855E-04 1.59540E-01 8.99577E+01 
4.97443E+02 2.60119E-04 1.46841E-01 8.36911E+01 
5.05339E+02 2.36156E-04 1.34827E-01 7.76681E+01 
5.13235E+02 2.13896E-04 1.23492E-01 7.18955E+01 
5.21131E+02 1.93267E-04 1.12823E-01 6.63784E+01 
5.29027E+02 1.74193E-04 1.02809E-01 6.11205E+01 
5.36923E+02 1.56599E-04 9.34331E-02 5.61239E+01 
5.44819E+02 1.40411E-04 8.46781E-02 5.13889E+01 
5.52715E+02 1.25551E-04 7.65243E-02 4.69148E+01 
5.60611E+02 1.11945E-04 6.89509E-02 4.26994E+01 
5.68506E+02 9.95170E-05 6.19356E-02 3.87392E+01 
5.76402E+02 8.81949E-05 5.54549E-02 3.50296E+01 
5.84298E+02 7.79069E-05 4.94849E-02 3.15653E+01 
5.92194E+02 6.85832E-05 4.40009E-02 2.83396E+01 
6.00090E+02 6.01565E-05 3.89780E-02 2.53455E+01 
6.07986E+02 5.25620E-05 3.43911E-02 2.25752E+01 
6.15882E+02 4.57370E-05 3.02152E-02 2.00201E+01 
6.23778E+02 3.96223E-05 2.64255E-02 1.76713E+01 
6.31674E+02 3.41610E-05 2.29977E-02 1.55199E+01 
6.39570E+02 2.92994E-05 1.99080E-02 1.35562E+01 
6.47466E+02 2.49867E-05 1.71330E-02 1.17707E+01 
6.55362E+02 2.11752E-05 1.46505E-02 1.01537E+01 
6.63258E+02 1.78201E-05 1.24387E-02 8.69559E+00 
6.71153E+02 1.48795E-05 1.04770E-02 7.38686E+00 
6.79049E+02 1.23144E-05 8.74550E-03 6.21809E+00 
6.86945E+02 1.00886E-05 7.22553E-03 5.18009E+00 
6.94841E+02 8.16871E-06 5.89927E-03 4.26391E+00 
7.02737E+02 6.52381E-06 4.75001E-03 3.46092E+00 
7.10633E+02 5.12555E-06 3.76203E-03 2.76284E+00 
7.18529E+02 3.94792E-06 2.92066E-03 2.16170E+00 
7.26425E+02 2.96720E-06 2.21223E-03 1.64996E+00 
7.34321E+02 2.16173E-06 1.62405E-03 1.22044E+00 
7.42217E+02 1.51190E-06 1.14440E-03 8.66399E-01 
7.50113E+02 9.99932E-07 7.62467E-04 5.81477E-01 
7.58009E+02 6.09775E-07 4.68340E-04 3.59742E-01 
7.65904E+02 3.26993E-07 2.52939E-04 1.95665E-01 
7.73800E+02 1.38625E-07 1.07981E-04 8.41131E-02 
7.81696E+02 3.30767E-08 2.59420E-05 2.03464E-02 
