100 2 
0.00000E+00 3.37774E-03 1.00000E+00 3.62484E+02 
8.07132E+00 3.37611E-03 9.99991E-01 3.62484E+02 
1.61426E+01 3.37122E-03 9.99930E-01 3.62483E+02 
2.42140E+01 3.36308E-03 9.99763E-01 3.62480E+02 
3.22853E+01 3.35169E-03 9.99440E-01 3.62471E+02 
4.03566E+01 3.33708E-03 9.98907E-01 3.62451E+02 
4.84279E+01 3.31926E-03 9.98114E-01 3.62416E+02 
5.64993E+01 3.29826E-03 9.97010E-01 3.62358E+02 
6.45706E+01 3.27411E-03 9.95545E-01 3.62269E+02 
7.26419E+01 3.24683E-03 9.93672E-01 3.62140E+02 
8.07132E+01 3.21649E-03 9.91343E-01 3.61961E+02 
8.87846E+01 3.18311E-03 9.88512E-01 3.61721E+02 
9.68559E+01 3.14675E-03 9.85136E-01 3.61407E+02 
1.04927E+02 3.10748E-03 9.81172E-01 3.61007E+02 
1.12999E+02 3.06536E-03 9.76581E-01 3.60506E+02 
1.21070E+02 3.02047E-03 9.71325E-01 3.59890E+02 
1.29141E+02 2.97289E-03 9.65371E-01 3.59145E+02 
1.37212E+02 2.92271E-03 9.58687E-01 3.58254E+02 
1.45284E+02 2.87004E-03 9.51244E-01 3.57203E+02 
1.53355E+02 2.81497E-03 9.43020E-01 3.55974E+02 
1.61426E+02 2.75762E-03 9.33993E-01 3.54553E+02 
1.69498E+02 2.69812E-03 9.24147E-01 3.52923E+02 
1.77569E+02 2.63661E-03 9.13470E-01 3.51070E+02 
1.85640E+02 2.57320E-03 9.01954E-01 3.48978E+02 
1.93712E+02 2.50807E-03 8.89598E-01 3.46634E+02 
2.01783E+02 2.44135E-03 8.76404E-01 3.44024E+02 
2.09854E+02 2.37321E-03 8.62378E-01 3.41137E+02 
2.17926E+02 2.30381E-03 8.47533E-01 3.37961E+02 
2.25997E+02 2.23332E-03 8.31887E-01 3.34487E+02 
2.34068E+02 2.16192E-03 8.15462E-01 3.30709E+02 
2.42140E+02 2.08978E-03 7.98286E-01 3.26618E+02 
2.50211E+02 2.01709E-03 7.80391E-01 3.22213E+02 
2.58282E+02 1.94403E-03 7.61814E-01 3.17489E+02 
2.66354E+02 1.87077E-03 7.42598E-01 3.12448E+02 
2.74425E+02 1.79750E-03 7.22787E-01 3.07091E+02 
2.82496E+02 1.72440E-03 7.02432E-01 3.01422E+02 
2.90568E+02 1.65169E-03 6.81597E-01 2.95452E+02 
2.98639E+02 1.57954E-03 6.60343E-01 2.89190E+02 
3.06710E+02 1.50813E-03 6.38727E-01 2.82648E+02 
3.14782E+02 1.43760E-03 6.16811E-01 2.75837E+02 
3.22853E+02 1.36810E-03 5.94656E-01 2.68774E+02 
3.30924E+02 1.29979E-03 5.72326E-01 2.61474E+02 
3.38996E+02 1.23279E-03 5.49885E-01 2.53957E+02 
3.47067E+02 1.16723E-03 5.27397E-01 2.46243E+02 
3.55138E+02 1.10323E-03 5.04928E-01 2.38354E+02 
3.63210E+02 1.04090E-03 4.82540E-01 2.30313E+02 
3.71281E+02 9.80327E-04 4.60298E-01 2.22145E+02 
3.79352E+02 9.21607E-04 4.38260E-01 2.13874E+02 
3.87424E+02 8.64813E-04 4.16487E-01 2.05527E+02 
3.95495E+02 8.10008E-04 3.95035E-01 1.97129E+02 
4.03566E+02 7.57247E-04 3.73957E-01 1.88708E+02 
4.11638E+02 7.06570E-04 3.53302E-01 1.80290E+02 
4.19709E+02 6.58010E-04 3.33118E-01 1.71900E+02 
4.27780E+02 6.11586E-04 3.13448E-01 1.63565E+02 
4.35851E+02 5.67308E-04 2.94329E-01 1.55310E+02 
4.43923E+02 5.25175E-04 2.75797E-01 1.47158E+02 
4.51994E+02 4.85178E-04 2.57881E-01 1.39133E+02 
4.60065E+02 4.47296E-04 2.40608E-01 1.31256E+02 
4.68137E+02 4.11504E-04 2.23998E-01 1.23548E+02 
4.76208E+02 3.77765E-04 2.08068E-01 1.16027E+02 
4.84279E+02 3.46036E-04 1.92833E-01 1.08711E+02 
4.92351E+02 3.16270E-04 1.78298E-01 1.01614E+02 
5.00422E+02 2.88411E-04 1.64471E-01 9.47504E+01 
5.08493E+02 2.62399E-04 1.51350E-01 8.81320E+01 
5.16565E+02 2.38170E-04 1.38933E-01 8.17685E+01 
5.24636E+02 2.15657E-04 1.27214E-01 7.56679E+01 
5.32707E+02 1.94788E-04 1.16183E-01 6.98365E+01 
5.40779E+02 1.75492E-04 1.05827E-01 6.42784E+01 
5.48850E+02 1.57694E-04 9.61310E-02 5.89965E+01 
5.56921E+02 1.41319E-04 8.70781E-02 5.39918E+01 
5.64993E+02 1.26290E-04 7.86487E-02 4.92636E+01 
5.73064E+02 1.12533E-04 7.08212E-02 4.48100E+01 
5.81135E+02 9.99723E-05 6.35731E-02 4.06275E+01 
5.89207E+02 8.85339E-05 5.68805E-02 3.67115E+01 
5.97278E+02 7.81457E-05 5.07184E-02 3.30562E+01 
6.05349E+02 6.87370E-05 4.50614E-02 2.96550E+01 
6.13421E+02 6.02392E-05 3.98836E-02 2.65000E+01 
6.21492E+02 5.25865E-05 3.51590E-02 2.35830E+01 
6.29563E+02 4.57151E-05 3.08612E-02 2.08950E+01 
6.37635E+02 3.95644E-05 2.69646E-02 1.84263E+01 
6.45706E+02 3.40764E-05 2.34436E-02 1.61672E+01 
6.53777E+02 2.91963E-05 2.02731E-02 1.41075E+01 
6.61849E+02 2.48721E-05 1.74289E-02 1.22368E+01 
6.69920E+02 2.10549E-05 1.48875E-02 1.05446E+01 
6.77991E+02 1.76990E-05 1.26260E-02 9.02070E+00 
6.86062E+02 1.47615E-05 1.06228E-02 7.65465E+00 
6.94134E+02 1.22026E-05 8.85721E-03 6.43634E+00 
7.02205E+02 9.98538E-06 7.30943E-03 5.35587E+00 
7.10276E+02 8.07562E-06 5.96087E-03 4.40359E+00 
7.18348E+02 6.44186E-06 4.79404E-03 3.57022E+00 
7.26419E+02 5.05518E-06 3.79248E-03 2.84682E+00 
7.34490E+02 3.88913E-06 2.94087E-03 2.22485E+00 
7.42562E+02 2.91957E-06 2.22495E-03 1.69621E+00 
7.50633E+02 2.12456E-06 1.63151E-03 1.25323E+00 
7.58704E+02 1.48418E-06 1.14833E-03 8.88665E-01 
7.66776E+02 9.80478E-07 7.64224E-04 5.95751E-01 
7.74847E+02 5.97241E-07 4.68897E-04 3.68166E-01 
7.82918E+02 3.19917E-07 2.52960E-04 2.00027E-01 
7.90990E+02 1.35479E-07 1.07874E-04 8.58964E-02 
7.99061E+02 3.22918E-08 2.58890E-05 2.07558E-02 
