100 2 
0.00000E+00 3.43132E-03 1.00000E+00 3.57731E+02 
8.00055E+00 3.42961E-03 9.99991E-01 3.57731E+02 
1.60011E+01 3.42449E-03 9.99927E-01 3.57730E+02 
2.40016E+01 3.41595E-03 9.99754E-01 3.57727E+02 
3.20022E+01 3.40402E-03 9.99418E-01 3.57717E+02 
4.00027E+01 3.38872E-03 9.98865E-01 3.57697E+02 
4.80033E+01 3.37007E-03 9.98042E-01 3.57661E+02 
5.60038E+01 3.34809E-03 9.96897E-01 3.57601E+02 
6.40044E+01 3.32283E-03 9.95379E-01 3.57510E+02 
7.20049E+01 3.29433E-03 9.93438E-01 3.57377E+02 
8.00055E+01 3.26263E-03 9.91027E-01 3.57194E+02 
8.80060E+01 3.22780E-03 9.88099E-01 3.56947E+02 
9.60066E+01 3.18990E-03 9.84610E-01 3.56626E+02 
1.04007E+02 3.14900E-03 9.80517E-01 3.56216E+02 
1.12008E+02 3.10517E-03 9.75782E-01 3.55704E+02 
1.20008E+02 3.05851E-03 9.70367E-01 3.55076E+02 
1.28009E+02 3.00911E-03 9.64239E-01 3.54315E+02 
1.36009E+02 2.95707E-03 9.57367E-01 3.53408E+02 
1.44010E+02 2.90249E-03 9.49725E-01 3.52337E+02 
1.52010E+02 2.84551E-03 9.41289E-01 3.51088E+02 
1.60011E+02 2.78625E-03 9.32042E-01 3.49645E+02 
1.68012E+02 2.72483E-03 9.21968E-01 3.47992E+02 
1.76012E+02 2.66141E-03 9.11057E-01 3.46115E+02 
1.84013E+02 2.59613E-03 8.99305E-01 3.43999E+02 
1.92013E+02 2.52915E-03 8.86710E-01 3.41630E+02 
2.00014E+02 2.46062E-03 8.73278E-01 3.38997E+02 
2.08014E+02 2.39073E-03 8.59017E-01 3.36087E+02 
2.16015E+02 2.31963E-03 8.43944E-01 3.32890E+02 
2.24015E+02 2.24752E-03 8.28076E-01 3.29399E+02 
2.32016E+02 2.17456E-03 8.11440E-01 3.25605E+02 
2.40016E+02 2.10094E-03 7.94064E-01 3.21503E+02 
2.48017E+02 2.02684E-03 7.75983E-01 3.17091E+02 
2.56018E+02 1.95246E-03 7.57236E-01 3.12366E+02 
2.64018E+02 1.87796E-03 7.37866E-01 3.07329E+02 
2.72019E+02 1.80354E-03 7.17921E-01 3.01983E+02 
2.80019E+02 1.72938E-03 6.97451E-01 2.96333E+02 
2.88020E+02 1.65565E-03 6.76510E-01 2.90385E+02 
2.96020E+02 1.58256E-03 6.55165E-01 2.84151E+02 
3.04021E+02 1.51028E-03 6.33483E-01 2.77646E+02 
3.12021E+02 1.43899E-03 6.11524E-01 2.70882E+02 
3.20022E+02 1.36882E-03 5.89350E-01 2.63874E+02 
3.28022E+02 1.29992E-03 5.67024E-01 2.56640E+02 
3.36023E+02 1.23241E-03 5.44610E-01 2.49198E+02 
3.44024E+02 1.16641E-03 5.22172E-01 2.41569E+02 
3.52024E+02 1.10205E-03 4.99773E-01 2.33773E+02 
3.60025E+02 1.03942E-03 4.77475E-01 2.25835E+02 
3.68025E+02 9.78609E-04 4.55341E-01 2.17778E+02 
3.76026E+02 9.19706E-04 4.33429E-01 2.09626E+02 
3.84026E+02 8.62779E-04 4.11797E-01 2.01405E+02 
3.92027E+02 8.07888E-04 3.90499E-01 1.93141E+02 
4.00027E+02 7.55079E-04 3.69586E-01 1.84860E+02 
4.08028E+02 7.04391E-04 3.49108E-01 1.76586E+02 
4.16029E+02 6.55850E-04 3.29109E-01 1.68347E+02 
4.24029E+02 6.09471E-04 3.09630E-01 1.60165E+02 
4.32030E+02 5.65259E-04 2.90708E-01 1.52066E+02 
4.40030E+02 5.23211E-04 2.72375E-01 1.44073E+02 
4.48031E+02 4.83312E-04 2.54660E-01 1.36208E+02 
4.56031E+02 4.45541E-04 2.37588E-01 1.28491E+02 
4.64032E+02 4.09866E-04 2.21178E-01 1.20942E+02 
4.72032E+02 3.76249E-04 2.05445E-01 1.13579E+02 
4.80033E+02 3.44645E-04 1.90402E-01 1.06419E+02 
4.88033E+02 3.15004E-04 1.76056E-01 9.94750E+01 
4.96034E+02 2.87268E-04 1.62410E-01 9.27613E+01 
5.04035E+02 2.61376E-04 1.49465E-01 8.62885E+01 
5.12035E+02 2.37263E-04 1.37215E-01 8.00660E+01 
5.20036E+02 2.14860E-04 1.25656E-01 7.41012E+01 
5.28036E+02 1.94095E-04 1.14775E-01 6.84000E+01 
5.36037E+02 1.74896E-04 1.04562E-01 6.29664E+01 
5.44037E+02 1.57187E-04 9.49993E-02 5.78028E+01 
5.52038E+02 1.40893E-04 8.60706E-02 5.29099E+01 
5.60038E+02 1.25939E-04 7.77562E-02 4.82872E+01 
5.68039E+02 1.12248E-04 7.00347E-02 4.39324E+01 
5.76039E+02 9.97456E-05 6.28838E-02 3.98421E+01 
5.84040E+02 8.83588E-05 5.62798E-02 3.60119E+01 
5.92041E+02 7.80153E-05 5.01980E-02 3.24359E+01 
6.00041E+02 6.86448E-05 4.46135E-02 2.91076E+01 
6.08042E+02 6.01794E-05 3.95005E-02 2.60195E+01 
6.16042E+02 5.25533E-05 3.48336E-02 2.31634E+01 
6.24043E+02 4.57036E-05 3.05870E-02 2.05306E+01 
6.32043E+02 3.95700E-05 2.67353E-02 1.81119E+01 
6.40044E+02 3.40952E-05 2.32535E-02 1.58975E+01 
6.48044E+02 2.92247E-05 2.01171E-02 1.38777E+01 
6.56045E+02 2.49070E-05 1.73021E-02 1.20424E+01 
6.64046E+02 2.10938E-05 1.47855E-02 1.03816E+01 
6.72046E+02 1.77397E-05 1.25451E-02 8.88507E+00 
6.80047E+02 1.48022E-05 1.05595E-02 7.54289E+00 
6.88047E+02 1.22420E-05 8.80847E-03 6.34522E+00 
6.96048E+02 1.00223E-05 7.27256E-03 5.28244E+00 
7.04048E+02 8.10936E-06 5.93358E-03 4.34521E+00 
7.12049E+02 6.47185E-06 4.77432E-03 3.52451E+00 
7.20049E+02 5.08114E-06 3.77866E-03 2.81167E+00 
7.28050E+02 3.91096E-06 2.93153E-03 2.19840E+00 
7.36050E+02 2.93735E-06 2.21892E-03 1.67683E+00 
7.44051E+02 2.13850E-06 1.62784E-03 1.23947E+00 
7.52052E+02 1.49463E-06 1.14629E-03 8.79313E-01 
7.60052E+02 9.87833E-07 7.63212E-04 5.89750E-01 
7.68053E+02 6.01993E-07 4.68485E-04 3.64620E-01 
7.76053E+02 3.22606E-07 2.52851E-04 1.98188E-01 
7.84054E+02 1.36677E-07 1.07874E-04 8.51431E-02 
7.92054E+02 3.25913E-08 2.59000E-05 2.05826E-02 
