100 2 
0.00000E+00 3.44945E-03 1.00000E+00 3.56148E+02 
7.97670E+00 3.44771E-03 9.99991E-01 3.56148E+02 
1.59534E+01 3.44251E-03 9.99926E-01 3.56147E+02 
2.39301E+01 3.43384E-03 9.99751E-01 3.56144E+02 
3.19068E+01 3.42173E-03 9.99411E-01 3.56134E+02 
3.98835E+01 3.40619E-03 9.98851E-01 3.56114E+02 
4.78602E+01 3.38725E-03 9.98017E-01 3.56077E+02 
5.58369E+01 3.36495E-03 9.96859E-01 3.56017E+02 
6.38136E+01 3.33931E-03 9.95323E-01 3.55924E+02 
7.17903E+01 3.31039E-03 9.93360E-01 3.55791E+02 
7.97670E+01 3.27825E-03 9.90922E-01 3.55606E+02 
8.77437E+01 3.24293E-03 9.87962E-01 3.55358E+02 
9.57204E+01 3.20450E-03 9.84435E-01 3.55034E+02 
1.03697E+02 3.16305E-03 9.80300E-01 3.54621E+02 
1.11674E+02 3.11865E-03 9.75516E-01 3.54106E+02 
1.19650E+02 3.07139E-03 9.70048E-01 3.53473E+02 
1.27627E+02 3.02137E-03 9.63862E-01 3.52707E+02 
1.35604E+02 2.96870E-03 9.56928E-01 3.51794E+02 
1.43581E+02 2.91349E-03 9.49219E-01 3.50718E+02 
1.51557E+02 2.85586E-03 9.40714E-01 3.49462E+02 
1.59534E+02 2.79595E-03 9.31393E-01 3.48012E+02 
1.67511E+02 2.73389E-03 9.21244E-01 3.46351E+02 
1.75487E+02 2.66982E-03 9.10256E-01 3.44466E+02 
1.83464E+02 2.60391E-03 8.98425E-01 3.42342E+02 
1.91441E+02 2.53631E-03 8.85751E-01 3.39966E+02 
1.99417E+02 2.46718E-03 8.72241E-01 3.37325E+02 
2.07394E+02 2.39670E-03 8.57903E-01 3.34408E+02 
2.15371E+02 2.32503E-03 8.42754E-01 3.31206E+02 
2.23348E+02 2.25237E-03 8.26814E-01 3.27708E+02 
2.31324E+02 2.17889E-03 8.10108E-01 3.23910E+02 
2.39301E+02 2.10477E-03 7.92666E-01 3.19805E+02 
2.47278E+02 2.03020E-03 7.74525E-01 3.15391E+02 
2.55254E+02 1.95537E-03 7.55722E-01 3.10666E+02 
2.63231E+02 1.88046E-03 7.36303E-01 3.05632E+02 
2.71208E+02 1.80566E-03 7.16314E-01 3.00290E+02 
2.79184E+02 1.73114E-03 6.95806E-01 2.94646E+02 
2.87161E+02 1.65708E-03 6.74836E-01 2.88707E+02 
2.95138E+02 1.58367E-03 6.53462E-01 2.82484E+02 
3.03115E+02 1.51110E-03 6.31758E-01 2.75992E+02 
3.11091E+02 1.43955E-03 6.09785E-01 2.69244E+02 
3.19068E+02 1.36915E-03 5.87604E-01 2.62255E+02 
3.27045E+02 1.30005E-03 5.65280E-01 2.55043E+02 
3.35021E+02 1.23236E-03 5.42875E-01 2.47626E+02 
3.42998E+02 1.16622E-03 5.20454E-01 2.40025E+02 
3.50975E+02 1.10173E-03 4.98078E-01 2.32261E+02 
3.58951E+02 1.03900E-03 4.75810E-01 2.24357E+02 
3.66928E+02 9.78107E-04 4.53712E-01 2.16337E+02 
3.74905E+02 9.19140E-04 4.31842E-01 2.08225E+02 
3.82881E+02 8.62166E-04 4.10256E-01 2.00046E+02 
3.90858E+02 8.07243E-04 3.89009E-01 1.91827E+02 
3.98835E+02 7.54416E-04 3.68152E-01 1.83592E+02 
4.06812E+02 7.03721E-04 3.47732E-01 1.75366E+02 
4.14788E+02 6.55183E-04 3.27795E-01 1.67176E+02 
4.22765E+02 6.08817E-04 3.08379E-01 1.59046E+02 
4.30742E+02 5.64625E-04 2.89521E-01 1.50999E+02 
4.38718E+02 5.22602E-04 2.71254E-01 1.43058E+02 
4.46695E+02 4.82734E-04 2.53606E-01 1.35245E+02 
4.54672E+02 4.44996E-04 2.36599E-01 1.27581E+02 
4.62648E+02 4.09358E-04 2.20255E-01 1.20085E+02 
4.70625E+02 3.75779E-04 2.04587E-01 1.12774E+02 
4.78602E+02 3.44215E-04 1.89608E-01 1.05665E+02 
4.86579E+02 3.14613E-04 1.75323E-01 9.87721E+01 
4.94555E+02 2.86916E-04 1.61737E-01 9.21077E+01 
5.02532E+02 2.61062E-04 1.48849E-01 8.56829E+01 
5.10509E+02 2.36985E-04 1.36655E-01 7.95068E+01 
5.18485E+02 2.14617E-04 1.25147E-01 7.35867E+01 
5.26462E+02 1.93885E-04 1.14317E-01 6.79284E+01 
5.34439E+02 1.74716E-04 1.04150E-01 6.25357E+01 
5.42415E+02 1.57036E-04 9.46309E-02 5.74110E+01 
5.50392E+02 1.40767E-04 8.57428E-02 5.25549E+01 
5.58369E+02 1.25836E-04 7.74660E-02 4.79668E+01 
5.66346E+02 1.12166E-04 6.97793E-02 4.36445E+01 
5.74322E+02 9.96820E-05 6.26601E-02 3.95846E+01 
5.82299E+02 8.83113E-05 5.60850E-02 3.57825E+01 
5.90276E+02 7.79814E-05 5.00295E-02 3.22325E+01 
5.98252E+02 6.86227E-05 4.44685E-02 2.89282E+01 
6.06229E+02 6.01671E-05 3.93768E-02 2.58620E+01 
6.14206E+02 5.25490E-05 3.47286E-02 2.30260E+01 
6.22182E+02 4.57058E-05 3.04987E-02 2.04113E+01 
6.30159E+02 3.95772E-05 2.66616E-02 1.80089E+01 
6.38136E+02 3.41061E-05 2.31925E-02 1.58092E+01 
6.46112E+02 2.92382E-05 2.00671E-02 1.38025E+01 
6.54089E+02 2.49221E-05 1.72616E-02 1.19789E+01 
6.62066E+02 2.11098E-05 1.47531E-02 1.03282E+01 
6.70043E+02 1.77558E-05 1.25195E-02 8.84071E+00 
6.78019E+02 1.48180E-05 1.05395E-02 7.50635E+00 
6.85996E+02 1.22570E-05 8.79314E-03 6.31543E+00 
6.93973E+02 1.00362E-05 7.26104E-03 5.25845E+00 
7.01949E+02 8.12185E-06 5.92511E-03 4.32614E+00 
7.09926E+02 6.48287E-06 4.76826E-03 3.50959E+00 
7.17903E+02 5.09061E-06 3.77446E-03 2.80021E+00 
7.25879E+02 3.91888E-06 2.92874E-03 2.18978E+00 
7.33856E+02 2.94378E-06 2.21716E-03 1.67051E+00 
7.41833E+02 2.14351E-06 1.62680E-03 1.23500E+00 
7.49810E+02 1.49836E-06 1.14573E-03 8.76273E-01 
7.57786E+02 9.90458E-07 7.62961E-04 5.87801E-01 
7.65763E+02 6.03686E-07 4.68403E-04 3.63470E-01 
7.73740E+02 3.23563E-07 2.52845E-04 1.97593E-01 
7.81716E+02 1.37102E-07 1.07887E-04 8.48994E-02 
7.89693E+02 3.26974E-08 2.59069E-05 2.05267E-02 
