100 2 
0.00000E+00 3.56671E-03 1.00000E+00 3.46194E+02 
7.82321E+00 3.56480E-03 9.99990E-01 3.46194E+02 
1.56464E+01 3.55908E-03 9.99920E-01 3.46193E+02 
2.34696E+01 3.54957E-03 9.99732E-01 3.46189E+02 
3.12928E+01 3.53627E-03 9.99365E-01 3.46179E+02 
3.91160E+01 3.51922E-03 9.98763E-01 3.46157E+02 
4.69393E+01 3.49846E-03 9.97867E-01 3.46119E+02 
5.47625E+01 3.47403E-03 9.96622E-01 3.46055E+02 
6.25857E+01 3.44599E-03 9.94975E-01 3.45958E+02 
7.04089E+01 3.41440E-03 9.92872E-01 3.45818E+02 
7.82321E+01 3.37933E-03 9.90263E-01 3.45624E+02 
8.60553E+01 3.34085E-03 9.87101E-01 3.45364E+02 
9.38785E+01 3.29907E-03 9.83339E-01 3.45025E+02 
1.01702E+02 3.25408E-03 9.78937E-01 3.44594E+02 
1.09525E+02 3.20597E-03 9.73855E-01 3.44057E+02 
1.17348E+02 3.15488E-03 9.68057E-01 3.43398E+02 
1.25171E+02 3.10091E-03 9.61511E-01 3.42604E+02 
1.32995E+02 3.04420E-03 9.54189E-01 3.41659E+02 
1.40818E+02 2.98490E-03 9.46069E-01 3.40546E+02 
1.48641E+02 2.92314E-03 9.37129E-01 3.39252E+02 
1.56464E+02 2.85908E-03 9.27355E-01 3.37760E+02 
1.64287E+02 2.79289E-03 9.16738E-01 3.36057E+02 
1.72111E+02 2.72473E-03 9.05272E-01 3.34128E+02 
1.79934E+02 2.65477E-03 8.92957E-01 3.31960E+02 
1.87757E+02 2.58320E-03 8.79798E-01 3.29540E+02 
1.95580E+02 2.51020E-03 8.65805E-01 3.26857E+02 
2.03403E+02 2.43595E-03 8.50992E-01 3.23902E+02 
2.11227E+02 2.36065E-03 8.35381E-01 3.20665E+02 
2.19050E+02 2.28449E-03 8.18995E-01 3.17139E+02 
2.26873E+02 2.20766E-03 8.01865E-01 3.13319E+02 
2.34696E+02 2.13036E-03 7.84025E-01 3.09202E+02 
2.42520E+02 2.05278E-03 7.65514E-01 3.04784E+02 
2.50343E+02 1.97512E-03 7.46376E-01 3.00068E+02 
2.58166E+02 1.89756E-03 7.26656E-01 2.95054E+02 
2.65989E+02 1.82029E-03 7.06406E-01 2.89746E+02 
2.73812E+02 1.74349E-03 6.85679E-01 2.84151E+02 
2.81636E+02 1.66735E-03 6.64531E-01 2.78278E+02 
2.89459E+02 1.59201E-03 6.43021E-01 2.72136E+02 
2.97282E+02 1.51766E-03 6.21209E-01 2.65737E+02 
3.05105E+02 1.44445E-03 5.99158E-01 2.59095E+02 
3.12928E+02 1.37254E-03 5.76939E-01 2.52228E+02 
3.20752E+02 1.30211E-03 5.54624E-01 2.45158E+02 
3.28575E+02 1.23327E-03 5.32276E-01 2.37903E+02 
3.36398E+02 1.16614E-03 5.09957E-01 2.30482E+02 
3.44221E+02 1.10082E-03 4.87727E-01 2.22917E+02 
3.52044E+02 1.03738E-03 4.65646E-01 2.15230E+02 
3.59868E+02 9.75927E-04 4.43771E-01 2.07444E+02 
3.67691E+02 9.16512E-04 4.22159E-01 1.99582E+02 
3.75514E+02 8.59199E-04 4.00862E-01 1.91668E+02 
3.83337E+02 8.04031E-04 3.79932E-01 1.83727E+02 
3.91160E+02 7.51047E-04 3.59415E-01 1.75782E+02 
3.98984E+02 7.00269E-04 3.39355E-01 1.67857E+02 
4.06807E+02 6.51715E-04 3.19794E-01 1.59977E+02 
4.14630E+02 6.05387E-04 3.00768E-01 1.52163E+02 
4.22453E+02 5.61281E-04 2.82309E-01 1.44437E+02 
4.30277E+02 5.19382E-04 2.64447E-01 1.36822E+02 
4.38100E+02 4.79670E-04 2.47205E-01 1.29336E+02 
4.45923E+02 4.42111E-04 2.30606E-01 1.21999E+02 
4.53746E+02 4.06670E-04 2.14664E-01 1.14828E+02 
4.61569E+02 3.73299E-04 1.99393E-01 1.07840E+02 
4.69393E+02 3.41950E-04 1.84802E-01 1.01049E+02 
4.77216E+02 3.12565E-04 1.70895E-01 9.44669E+01 
4.85039E+02 2.85083E-04 1.57674E-01 8.81064E+01 
4.92862E+02 2.59440E-04 1.45137E-01 8.19768E+01 
5.00685E+02 2.35566E-04 1.33278E-01 7.60861E+01 
5.08509E+02 2.13391E-04 1.22090E-01 7.04408E+01 
5.16332E+02 1.92840E-04 1.11560E-01 6.50457E+01 
5.24155E+02 1.73840E-04 1.01677E-01 5.99042E+01 
5.31978E+02 1.56314E-04 9.24228E-02 5.50180E+01 
5.39801E+02 1.40187E-04 8.37813E-02 5.03875E+01 
5.47625E+02 1.25382E-04 7.57325E-02 4.60116E+01 
5.55448E+02 1.11824E-04 6.82556E-02 4.18882E+01 
5.63271E+02 9.94387E-05 6.13284E-02 3.80138E+01 
5.71094E+02 8.81530E-05 5.49280E-02 3.43839E+01 
5.78917E+02 7.78955E-05 4.90306E-02 3.09932E+01 
5.86741E+02 6.85971E-05 4.36118E-02 2.78352E+01 
5.94564E+02 6.01907E-05 3.86471E-02 2.49031E+01 
6.02387E+02 5.26119E-05 3.41119E-02 2.21892E+01 
6.10210E+02 4.57987E-05 2.99815E-02 1.96852E+01 
6.18034E+02 3.96920E-05 2.62317E-02 1.73826E+01 
6.25857E+02 3.42357E-05 2.28386E-02 1.52725E+01 
6.33680E+02 2.93763E-05 1.97787E-02 1.33457E+01 
6.41503E+02 2.50636E-05 1.70292E-02 1.15928E+01 
6.49326E+02 2.12501E-05 1.45683E-02 1.00047E+01 
6.57150E+02 1.78915E-05 1.23746E-02 8.57185E+00 
6.64973E+02 1.49461E-05 1.04278E-02 7.28506E+00 
6.72796E+02 1.23755E-05 8.70857E-03 6.13523E+00 
6.80619E+02 1.01436E-05 7.19843E-03 5.11344E+00 
6.88442E+02 8.21724E-06 5.87997E-03 4.21104E+00 
6.96266E+02 6.56580E-06 4.73676E-03 3.41964E+00 
7.04089E+02 5.16106E-06 3.75334E-03 2.73117E+00 
7.11912E+02 3.97723E-06 2.91533E-03 2.13795E+00 
7.19735E+02 2.99067E-06 2.20925E-03 1.63260E+00 
7.27558E+02 2.17989E-06 1.62264E-03 1.20818E+00 
7.35382E+02 1.52533E-06 1.14394E-03 8.58092E-01 
7.43205E+02 1.00929E-06 7.62524E-04 5.76171E-01 
7.51028E+02 6.15768E-07 4.68591E-04 3.56623E-01 
7.58851E+02 3.30358E-07 2.53189E-04 1.94056E-01 
7.66675E+02 1.40114E-07 1.08136E-04 8.34580E-02 
7.74498E+02 3.34467E-08 2.59907E-05 2.01968E-02 
