100 2 
0.00000E+00 3.39350E-03 1.00000E+00 3.61075E+02 
8.05046E+00 3.39184E-03 9.99991E-01 3.61075E+02 
1.61009E+01 3.38688E-03 9.99929E-01 3.61074E+02 
2.41514E+01 3.37863E-03 9.99761E-01 3.61070E+02 
3.22019E+01 3.36708E-03 9.99433E-01 3.61061E+02 
4.02523E+01 3.35227E-03 9.98894E-01 3.61041E+02 
4.83028E+01 3.33420E-03 9.98092E-01 3.61006E+02 
5.63532E+01 3.31292E-03 9.96976E-01 3.60947E+02 
6.44037E+01 3.28844E-03 9.95496E-01 3.60857E+02 
7.24542E+01 3.26080E-03 9.93603E-01 3.60728E+02 
8.05046E+01 3.23006E-03 9.91249E-01 3.60547E+02 
8.85551E+01 3.19625E-03 9.88390E-01 3.60305E+02 
9.66055E+01 3.15944E-03 9.84980E-01 3.59989E+02 
1.04656E+02 3.11969E-03 9.80978E-01 3.59586E+02 
1.12706E+02 3.07707E-03 9.76344E-01 3.59082E+02 
1.20757E+02 3.03166E-03 9.71041E-01 3.58462E+02 
1.28807E+02 2.98354E-03 9.65035E-01 3.57713E+02 
1.36858E+02 2.93281E-03 9.58295E-01 3.56817E+02 
1.44908E+02 2.87958E-03 9.50794E-01 3.55759E+02 
1.52959E+02 2.82395E-03 9.42506E-01 3.54525E+02 
1.61009E+02 2.76603E-03 9.33414E-01 3.53097E+02 
1.69060E+02 2.70597E-03 9.23500E-01 3.51460E+02 
1.77110E+02 2.64389E-03 9.12753E-01 3.49599E+02 
1.85161E+02 2.57993E-03 9.01168E-01 3.47500E+02 
1.93211E+02 2.51425E-03 8.88740E-01 3.45149E+02 
2.01262E+02 2.44700E-03 8.75475E-01 3.42532E+02 
2.09312E+02 2.37834E-03 8.61379E-01 3.39637E+02 
2.17362E+02 2.30844E-03 8.46466E-01 3.36455E+02 
2.25413E+02 2.23748E-03 8.30754E-01 3.32976E+02 
2.33463E+02 2.16561E-03 8.14266E-01 3.29193E+02 
2.41514E+02 2.09304E-03 7.97030E-01 3.25099E+02 
2.49564E+02 2.01994E-03 7.79080E-01 3.20691E+02 
2.57615E+02 1.94648E-03 7.60452E-01 3.15967E+02 
2.65665E+02 1.87286E-03 7.41189E-01 3.10927E+02 
2.73716E+02 1.79925E-03 7.21338E-01 3.05572E+02 
2.81766E+02 1.72584E-03 7.00948E-01 2.99909E+02 
2.89817E+02 1.65281E-03 6.80079E-01 2.93945E+02 
2.97867E+02 1.58039E-03 6.58798E-01 2.87691E+02 
3.05918E+02 1.50872E-03 6.37163E-01 2.81159E+02 
3.13968E+02 1.43797E-03 6.15234E-01 2.74362E+02 
3.22018E+02 1.36828E-03 5.93074E-01 2.67315E+02 
3.30069E+02 1.29979E-03 5.70744E-01 2.60035E+02 
3.38119E+02 1.23264E-03 5.48311E-01 2.52540E+02 
3.46170E+02 1.16695E-03 5.25838E-01 2.44851E+02 
3.54220E+02 1.10285E-03 5.03389E-01 2.36990E+02 
3.62271E+02 1.04043E-03 4.81029E-01 2.28979E+02 
3.70321E+02 9.79787E-04 4.58818E-01 2.20844E+02 
3.78372E+02 9.21013E-04 4.36818E-01 2.12608E+02 
3.86422E+02 8.64181E-04 4.15087E-01 2.04298E+02 
3.94473E+02 8.09352E-04 3.93680E-01 1.95940E+02 
4.02523E+02 7.56578E-04 3.72651E-01 1.87561E+02 
4.10574E+02 7.05899E-04 3.52049E-01 1.79185E+02 
4.18624E+02 6.57346E-04 3.31920E-01 1.70840E+02 
4.26674E+02 6.10936E-04 3.12307E-01 1.62551E+02 
4.34725E+02 5.66679E-04 2.93247E-01 1.54342E+02 
4.42775E+02 5.24572E-04 2.74774E-01 1.46238E+02 
4.50826E+02 4.84605E-04 2.56918E-01 1.38260E+02 
4.58876E+02 4.46758E-04 2.39704E-01 1.30431E+02 
4.66927E+02 4.11001E-04 2.23154E-01 1.22770E+02 
4.74977E+02 3.77299E-04 2.07283E-01 1.15296E+02 
4.83028E+02 3.45609E-04 1.92105E-01 1.08026E+02 
4.91078E+02 3.15881E-04 1.77627E-01 1.00975E+02 
4.99129E+02 2.88059E-04 1.63854E-01 9.41564E+01 
5.07179E+02 2.62083E-04 1.50785E-01 8.75814E+01 
5.15230E+02 2.37890E-04 1.38418E-01 8.12599E+01 
5.23280E+02 2.15410E-04 1.26747E-01 7.51999E+01 
5.31331E+02 1.94573E-04 1.15761E-01 6.94073E+01 
5.39381E+02 1.75307E-04 1.05447E-01 6.38864E+01 
5.47431E+02 1.57536E-04 9.57915E-02 5.86398E+01 
5.55482E+02 1.41186E-04 8.67758E-02 5.36685E+01 
5.63532E+02 1.26180E-04 7.83807E-02 4.89718E+01 
5.71583E+02 1.12443E-04 7.05850E-02 4.45477E+01 
5.79633E+02 9.98997E-05 6.33660E-02 4.03927E+01 
5.87684E+02 8.84772E-05 5.66999E-02 3.65023E+01 
5.95734E+02 7.81027E-05 5.05619E-02 3.28708E+01 
6.03785E+02 6.87058E-05 4.49266E-02 2.94913E+01 
6.11835E+02 6.02180E-05 3.97683E-02 2.63563E+01 
6.19886E+02 5.25736E-05 3.50609E-02 2.34575E+01 
6.27936E+02 4.57090E-05 3.07786E-02 2.07860E+01 
6.35987E+02 3.95637E-05 2.68954E-02 1.83323E+01 
6.44037E+02 3.40799E-05 2.33862E-02 1.60865E+01 
6.52087E+02 2.92029E-05 2.02259E-02 1.40387E+01 
6.60138E+02 2.48808E-05 1.73905E-02 1.21786E+01 
6.68188E+02 2.10651E-05 1.48566E-02 1.04958E+01 
6.76239E+02 1.77099E-05 1.26015E-02 8.98011E+00 
6.84289E+02 1.47726E-05 1.06036E-02 7.62119E+00 
6.92340E+02 1.22135E-05 8.84234E-03 6.40906E+00 
7.00390E+02 9.99565E-06 7.29816E-03 5.33388E+00 
7.08441E+02 8.08506E-06 5.95250E-03 4.38611E+00 
7.16491E+02 6.45029E-06 4.78796E-03 3.55653E+00 
7.24542E+02 5.06251E-06 3.78820E-03 2.83628E+00 
7.32592E+02 3.89532E-06 2.93796E-03 2.21693E+00 
7.40643E+02 2.92462E-06 2.22306E-03 1.69040E+00 
7.48693E+02 2.12853E-06 1.63034E-03 1.24910E+00 
7.56743E+02 1.48716E-06 1.14767E-03 8.85858E-01 
7.64794E+02 9.82580E-07 7.63885E-04 5.93949E-01 
7.72844E+02 5.98602E-07 4.68751E-04 3.67101E-01 
7.80895E+02 3.20688E-07 2.52915E-04 1.99475E-01 
7.88945E+02 1.35823E-07 1.07869E-04 8.56697E-02 
7.96996E+02 3.23777E-08 2.58908E-05 2.07036E-02 
