100 2 
0.00000E+00 3.38789E-03 1.00000E+00 3.61576E+02 
8.05789E+00 3.38624E-03 9.99991E-01 3.61576E+02 
1.61158E+01 3.38131E-03 9.99929E-01 3.61575E+02 
2.41737E+01 3.37309E-03 9.99762E-01 3.61571E+02 
3.22315E+01 3.36160E-03 9.99435E-01 3.61562E+02 
4.02894E+01 3.34686E-03 9.98899E-01 3.61542E+02 
4.83473E+01 3.32888E-03 9.98100E-01 3.61507E+02 
5.64052E+01 3.30770E-03 9.96988E-01 3.61448E+02 
6.44631E+01 3.28333E-03 9.95513E-01 3.61359E+02 
7.25210E+01 3.25583E-03 9.93628E-01 3.61229E+02 
8.05789E+01 3.22522E-03 9.91283E-01 3.61050E+02 
8.86367E+01 3.19157E-03 9.88433E-01 3.60808E+02 
9.66946E+01 3.15492E-03 9.85035E-01 3.60493E+02 
1.04753E+02 3.11534E-03 9.81047E-01 3.60091E+02 
1.12810E+02 3.07290E-03 9.76428E-01 3.59588E+02 
1.20868E+02 3.02767E-03 9.71142E-01 3.58970E+02 
1.28926E+02 2.97975E-03 9.65154E-01 3.58221E+02 
1.36984E+02 2.92922E-03 9.58434E-01 3.57327E+02 
1.45042E+02 2.87618E-03 9.50954E-01 3.56272E+02 
1.53100E+02 2.82075E-03 9.42689E-01 3.55040E+02 
1.61158E+02 2.76304E-03 9.33619E-01 3.53614E+02 
1.69216E+02 2.70318E-03 9.23730E-01 3.51980E+02 
1.77273E+02 2.64130E-03 9.13008E-01 3.50122E+02 
1.85331E+02 2.57754E-03 9.01447E-01 3.48025E+02 
1.93389E+02 2.51205E-03 8.89045E-01 3.45676E+02 
2.01447E+02 2.44499E-03 8.75805E-01 3.43062E+02 
2.09505E+02 2.37651E-03 8.61734E-01 3.40170E+02 
2.17563E+02 2.30679E-03 8.46845E-01 3.36990E+02 
2.25621E+02 2.23599E-03 8.31156E-01 3.33513E+02 
2.33679E+02 2.16430E-03 8.14691E-01 3.29731E+02 
2.41737E+02 2.09188E-03 7.97476E-01 3.25639E+02 
2.49794E+02 2.01892E-03 7.79545E-01 3.21231E+02 
2.57852E+02 1.94560E-03 7.60936E-01 3.16507E+02 
2.65910E+02 1.87211E-03 7.41689E-01 3.11467E+02 
2.73968E+02 1.79862E-03 7.21852E-01 3.06112E+02 
2.82026E+02 1.72532E-03 7.01474E-01 3.00446E+02 
2.90084E+02 1.65241E-03 6.80618E-01 2.94480E+02 
2.98142E+02 1.58008E-03 6.59346E-01 2.88223E+02 
3.06200E+02 1.50851E-03 6.37718E-01 2.81688E+02 
3.14258E+02 1.43783E-03 6.15794E-01 2.74886E+02 
3.22315E+02 1.36821E-03 5.93635E-01 2.67833E+02 
3.30373E+02 1.29978E-03 5.71306E-01 2.60546E+02 
3.38431E+02 1.23269E-03 5.48869E-01 2.53043E+02 
3.46489E+02 1.16705E-03 5.26391E-01 2.45345E+02 
3.54547E+02 1.10298E-03 5.03935E-01 2.37474E+02 
3.62605E+02 1.04059E-03 4.81565E-01 2.29453E+02 
3.70663E+02 9.79976E-04 4.59343E-01 2.21305E+02 
3.78721E+02 9.21222E-04 4.37329E-01 2.13057E+02 
3.86779E+02 8.64403E-04 4.15583E-01 2.04734E+02 
3.94836E+02 8.09583E-04 3.94160E-01 1.96362E+02 
4.02894E+02 7.56813E-04 3.73114E-01 1.87968E+02 
4.10952E+02 7.06136E-04 3.52494E-01 1.79577E+02 
4.19010E+02 6.57580E-04 3.32345E-01 1.71216E+02 
4.27068E+02 6.11165E-04 3.12711E-01 1.62911E+02 
4.35126E+02 5.66900E-04 2.93631E-01 1.54685E+02 
4.43184E+02 5.24785E-04 2.75137E-01 1.46564E+02 
4.51242E+02 4.84807E-04 2.57259E-01 1.38570E+02 
4.59299E+02 4.46947E-04 2.40025E-01 1.30724E+02 
4.67357E+02 4.11178E-04 2.23453E-01 1.23046E+02 
4.75415E+02 3.77463E-04 2.07562E-01 1.15555E+02 
4.83473E+02 3.45759E-04 1.92363E-01 1.08269E+02 
4.91531E+02 3.16018E-04 1.77865E-01 1.01202E+02 
4.99589E+02 2.88183E-04 1.64072E-01 9.43670E+01 
5.07647E+02 2.62194E-04 1.50985E-01 8.77766E+01 
5.15705E+02 2.37988E-04 1.38601E-01 8.14403E+01 
5.23763E+02 2.15497E-04 1.26912E-01 7.53658E+01 
5.31820E+02 1.94649E-04 1.15910E-01 6.95594E+01 
5.39878E+02 1.75372E-04 1.05582E-01 6.40254E+01 
5.47936E+02 1.57592E-04 9.59117E-02 5.87663E+01 
5.55994E+02 1.41232E-04 8.68829E-02 5.37831E+01 
5.64052E+02 1.26218E-04 7.84756E-02 4.90752E+01 
5.72110E+02 1.12474E-04 7.06687E-02 4.46407E+01 
5.80168E+02 9.99250E-05 6.34393E-02 4.04759E+01 
5.88226E+02 8.84969E-05 5.67638E-02 3.65765E+01 
5.96284E+02 7.81176E-05 5.06173E-02 3.29365E+01 
6.04341E+02 6.87165E-05 4.49743E-02 2.95493E+01 
6.12399E+02 6.02253E-05 3.98091E-02 2.64073E+01 
6.20457E+02 5.25778E-05 3.50956E-02 2.35020E+01 
6.28515E+02 4.57109E-05 3.08078E-02 2.08246E+01 
6.36573E+02 3.95637E-05 2.69199E-02 1.83656E+01 
6.44631E+02 3.40785E-05 2.34064E-02 1.61151E+01 
6.52689E+02 2.92004E-05 2.02426E-02 1.40631E+01 
6.60747E+02 2.48776E-05 1.74041E-02 1.21992E+01 
6.68805E+02 2.10613E-05 1.48675E-02 1.05131E+01 
6.76862E+02 1.77059E-05 1.26101E-02 8.99449E+00 
6.84920E+02 1.47685E-05 1.06104E-02 7.63305E+00 
6.92978E+02 1.22095E-05 8.84759E-03 6.41873E+00 
7.01036E+02 9.99194E-06 7.30213E-03 5.34167E+00 
7.09094E+02 8.08165E-06 5.95545E-03 4.39230E+00 
7.17152E+02 6.44726E-06 4.79010E-03 3.56138E+00 
7.25210E+02 5.05987E-06 3.78970E-03 2.84002E+00 
7.33268E+02 3.89309E-06 2.93898E-03 2.21973E+00 
7.41325E+02 2.92281E-06 2.22372E-03 1.69246E+00 
7.49383E+02 2.12710E-06 1.63074E-03 1.25056E+00 
7.57441E+02 1.48610E-06 1.14790E-03 8.86853E-01 
7.65499E+02 9.81826E-07 7.64002E-04 5.94588E-01 
7.73557E+02 5.98114E-07 4.68800E-04 3.67478E-01 
7.81615E+02 3.20413E-07 2.52930E-04 1.99671E-01 
7.89673E+02 1.35699E-07 1.07870E-04 8.57498E-02 
7.97731E+02 3.23472E-08 2.58902E-05 2.07223E-02 
