100 2 
0.00000E+00 3.55647E-03 1.00000E+00 3.47044E+02 
7.83658E+00 3.55458E-03 9.99990E-01 3.47044E+02 
1.56732E+01 3.54890E-03 9.99921E-01 3.47043E+02 
2.35097E+01 3.53946E-03 9.99733E-01 3.47039E+02 
3.13463E+01 3.52626E-03 9.99369E-01 3.47029E+02 
3.91829E+01 3.50934E-03 9.98770E-01 3.47008E+02 
4.70195E+01 3.48874E-03 9.97880E-01 3.46969E+02 
5.48560E+01 3.46450E-03 9.96642E-01 3.46906E+02 
6.26926E+01 3.43667E-03 9.95004E-01 3.46810E+02 
7.05292E+01 3.40531E-03 9.92913E-01 3.46670E+02 
7.83658E+01 3.37049E-03 9.90319E-01 3.46476E+02 
8.62024E+01 3.33229E-03 9.87174E-01 3.46217E+02 
9.40389E+01 3.29080E-03 9.83432E-01 3.45880E+02 
1.01876E+02 3.24611E-03 9.79053E-01 3.45450E+02 
1.09712E+02 3.19833E-03 9.73996E-01 3.44915E+02 
1.17549E+02 3.14757E-03 9.68225E-01 3.44259E+02 
1.25385E+02 3.09394E-03 9.61710E-01 3.43467E+02 
1.33222E+02 3.03759E-03 9.54421E-01 3.42524E+02 
1.41058E+02 2.97863E-03 9.46335E-01 3.41414E+02 
1.48895E+02 2.91723E-03 9.37432E-01 3.40123E+02 
1.56732E+02 2.85354E-03 9.27697E-01 3.38635E+02 
1.64568E+02 2.78770E-03 9.17119E-01 3.36935E+02 
1.72405E+02 2.71989E-03 9.05693E-01 3.35009E+02 
1.80241E+02 2.65029E-03 8.93419E-01 3.32844E+02 
1.88078E+02 2.57906E-03 8.80300E-01 3.30428E+02 
1.95914E+02 2.50639E-03 8.66347E-01 3.27749E+02 
2.03751E+02 2.43247E-03 8.51575E-01 3.24796E+02 
2.11588E+02 2.35748E-03 8.36002E-01 3.21561E+02 
2.19424E+02 2.28162E-03 8.19653E-01 3.18038E+02 
2.27261E+02 2.20508E-03 8.02558E-01 3.14219E+02 
2.35097E+02 2.12806E-03 7.84752E-01 3.10102E+02 
2.42934E+02 2.05074E-03 7.66271E-01 3.05685E+02 
2.50770E+02 1.97332E-03 7.47160E-01 3.00967E+02 
2.58607E+02 1.89599E-03 7.27466E-01 2.95950E+02 
2.66444E+02 1.81894E-03 7.07237E-01 2.90639E+02 
2.74280E+02 1.74234E-03 6.86527E-01 2.85040E+02 
2.82117E+02 1.66637E-03 6.65394E-01 2.79161E+02 
2.89953E+02 1.59120E-03 6.43894E-01 2.73011E+02 
2.97790E+02 1.51700E-03 6.22089E-01 2.66603E+02 
3.05627E+02 1.44392E-03 6.00041E-01 2.59951E+02 
3.13463E+02 1.37215E-03 5.77825E-01 2.53074E+02 
3.21300E+02 1.30184E-03 5.55510E-01 2.45991E+02 
3.29136E+02 1.23310E-03 5.33158E-01 2.38722E+02 
3.36973E+02 1.16606E-03 5.10830E-01 2.31285E+02 
3.44809E+02 1.10081E-03 4.88588E-01 2.23703E+02 
3.52646E+02 1.03744E-03 4.66491E-01 2.15998E+02 
3.60483E+02 9.76038E-04 4.44597E-01 2.08191E+02 
3.68319E+02 9.16666E-04 4.22963E-01 2.00308E+02 
3.76156E+02 8.59385E-04 4.01643E-01 1.92372E+02 
3.83992E+02 8.04242E-04 3.80686E-01 1.84407E+02 
3.91829E+02 7.51274E-04 3.60140E-01 1.76437E+02 
3.99665E+02 7.00507E-04 3.40051E-01 1.68487E+02 
4.07502E+02 6.51956E-04 3.20458E-01 1.60580E+02 
4.15339E+02 6.05628E-04 3.01399E-01 1.52740E+02 
4.23175E+02 5.61518E-04 2.82907E-01 1.44987E+02 
4.31012E+02 5.19612E-04 2.65011E-01 1.37344E+02 
4.38848E+02 4.79888E-04 2.47735E-01 1.29831E+02 
4.46685E+02 4.42317E-04 2.31101E-01 1.22466E+02 
4.54521E+02 4.06861E-04 2.15126E-01 1.15268E+02 
4.62358E+02 3.73476E-04 1.99822E-01 1.08253E+02 
4.70195E+02 3.42111E-04 1.85199E-01 1.01435E+02 
4.78031E+02 3.12709E-04 1.71261E-01 9.48268E+01 
4.85868E+02 2.85212E-04 1.58009E-01 8.84407E+01 
4.93704E+02 2.59552E-04 1.45443E-01 8.22863E+01 
5.01541E+02 2.35663E-04 1.33556E-01 7.63717E+01 
5.09378E+02 2.13473E-04 1.22341E-01 7.07034E+01 
5.17214E+02 1.92909E-04 1.11787E-01 6.52863E+01 
5.25051E+02 1.73896E-04 1.01879E-01 6.01237E+01 
5.32887E+02 1.56359E-04 9.26036E-02 5.52175E+01 
5.40724E+02 1.40221E-04 8.39417E-02 5.05681E+01 
5.48560E+02 1.25407E-04 7.58740E-02 4.61745E+01 
5.56397E+02 1.11840E-04 6.83797E-02 4.20345E+01 
5.64234E+02 9.94479E-05 6.14367E-02 3.81446E+01 
5.72070E+02 8.81560E-05 5.50219E-02 3.45003E+01 
5.79907E+02 7.78934E-05 4.91114E-02 3.10963E+01 
5.87743E+02 6.85909E-05 4.36810E-02 2.79261E+01 
5.95580E+02 6.01812E-05 3.87059E-02 2.49828E+01 
6.03416E+02 5.25999E-05 3.41614E-02 2.22587E+01 
6.11253E+02 4.57848E-05 3.00229E-02 1.97455E+01 
6.19090E+02 3.96770E-05 2.62660E-02 1.74346E+01 
6.26926E+02 3.42200E-05 2.28666E-02 1.53170E+01 
6.34763E+02 2.93605E-05 1.98014E-02 1.33836E+01 
6.42599E+02 2.50480E-05 1.70474E-02 1.16248E+01 
6.50436E+02 2.12351E-05 1.45827E-02 1.00315E+01 
6.58273E+02 1.78773E-05 1.23857E-02 8.59409E+00 
6.66109E+02 1.49330E-05 1.04363E-02 7.30336E+00 
6.73946E+02 1.23635E-05 8.71491E-03 6.15012E+00 
6.81782E+02 1.01329E-05 7.20305E-03 5.12541E+00 
6.89619E+02 8.20784E-06 5.88322E-03 4.22053E+00 
6.97455E+02 6.55769E-06 4.73895E-03 3.42704E+00 
7.05292E+02 5.15422E-06 3.75475E-03 2.73685E+00 
7.13129E+02 3.97160E-06 2.91616E-03 2.14220E+00 
7.20965E+02 2.98618E-06 2.20969E-03 1.63571E+00 
7.28802E+02 2.17642E-06 1.62282E-03 1.21037E+00 
7.36638E+02 1.52277E-06 1.14397E-03 8.59578E-01 
7.44475E+02 1.00751E-06 7.62475E-04 5.77118E-01 
7.52311E+02 6.14630E-07 4.68523E-04 3.57180E-01 
7.60148E+02 3.29718E-07 2.53130E-04 1.94342E-01 
7.67985E+02 1.39832E-07 1.08103E-04 8.35750E-02 
7.75821E+02 3.33764E-08 2.59803E-05 2.02233E-02 
