100 2 
0.00000E+00 3.54835E-03 1.00000E+00 3.47720E+02 
7.84717E+00 3.54647E-03 9.99990E-01 3.47720E+02 
1.56943E+01 3.54083E-03 9.99921E-01 3.47719E+02 
2.35415E+01 3.53145E-03 9.99735E-01 3.47716E+02 
3.13887E+01 3.51833E-03 9.99372E-01 3.47706E+02 
3.92359E+01 3.50152E-03 9.98776E-01 3.47684E+02 
4.70830E+01 3.48104E-03 9.97890E-01 3.47646E+02 
5.49302E+01 3.45695E-03 9.96658E-01 3.47583E+02 
6.27774E+01 3.42928E-03 9.95028E-01 3.47487E+02 
7.06245E+01 3.39810E-03 9.92946E-01 3.47348E+02 
7.84717E+01 3.36349E-03 9.90363E-01 3.47155E+02 
8.63189E+01 3.32551E-03 9.87232E-01 3.46896E+02 
9.41661E+01 3.28425E-03 9.83506E-01 3.46560E+02 
1.02013E+02 3.23980E-03 9.79145E-01 3.46131E+02 
1.09860E+02 3.19228E-03 9.74108E-01 3.45597E+02 
1.17708E+02 3.14178E-03 9.68360E-01 3.44943E+02 
1.25555E+02 3.08842E-03 9.61869E-01 3.44153E+02 
1.33402E+02 3.03235E-03 9.54606E-01 3.43212E+02 
1.41249E+02 2.97368E-03 9.46547E-01 3.42105E+02 
1.49096E+02 2.91256E-03 9.37673E-01 3.40816E+02 
1.56943E+02 2.84915E-03 9.27969E-01 3.39330E+02 
1.64791E+02 2.78360E-03 9.17422E-01 3.37633E+02 
1.72638E+02 2.71607E-03 9.06028E-01 3.35710E+02 
1.80485E+02 2.64674E-03 8.93787E-01 3.33548E+02 
1.88332E+02 2.57578E-03 8.80701E-01 3.31135E+02 
1.96179E+02 2.50338E-03 8.66780E-01 3.28458E+02 
2.04026E+02 2.42972E-03 8.52039E-01 3.25508E+02 
2.11874E+02 2.35498E-03 8.36497E-01 3.22275E+02 
2.19721E+02 2.27936E-03 8.20178E-01 3.18753E+02 
2.27568E+02 2.20305E-03 8.03111E-01 3.14936E+02 
2.35415E+02 2.12625E-03 7.85331E-01 3.10819E+02 
2.43262E+02 2.04914E-03 7.66875E-01 3.06402E+02 
2.51109E+02 1.97191E-03 7.47787E-01 3.01683E+02 
2.58957E+02 1.89476E-03 7.28111E-01 2.96665E+02 
2.66804E+02 1.81788E-03 7.07900E-01 2.91351E+02 
2.74651E+02 1.74143E-03 6.87205E-01 2.85748E+02 
2.82498E+02 1.66561E-03 6.66082E-01 2.79864E+02 
2.90345E+02 1.59057E-03 6.44591E-01 2.73708E+02 
2.98193E+02 1.51649E-03 6.22792E-01 2.67293E+02 
3.06040E+02 1.44352E-03 6.00748E-01 2.60633E+02 
3.13887E+02 1.37186E-03 5.78534E-01 2.53747E+02 
3.21734E+02 1.30164E-03 5.56219E-01 2.46655E+02 
3.29581E+02 1.23298E-03 5.33862E-01 2.39375E+02 
3.37428E+02 1.16601E-03 5.11528E-01 2.31926E+02 
3.45276E+02 1.10082E-03 4.89276E-01 2.24330E+02 
3.53123E+02 1.03750E-03 4.67166E-01 2.16610E+02 
3.60970E+02 9.76138E-04 4.45258E-01 2.08788E+02 
3.68817E+02 9.16798E-04 4.23607E-01 2.00887E+02 
3.76664E+02 8.59542E-04 4.02266E-01 1.92933E+02 
3.84511E+02 8.04418E-04 3.81288E-01 1.84949E+02 
3.92359E+02 7.51463E-04 3.60720E-01 1.76960E+02 
4.00206E+02 7.00704E-04 3.40607E-01 1.68990E+02 
4.08053E+02 6.52157E-04 3.20989E-01 1.61062E+02 
4.15900E+02 6.05827E-04 3.01904E-01 1.53200E+02 
4.23747E+02 5.61713E-04 2.83385E-01 1.45426E+02 
4.31594E+02 5.19801E-04 2.65462E-01 1.37761E+02 
4.39442E+02 4.80068E-04 2.48159E-01 1.30226E+02 
4.47289E+02 4.42487E-04 2.31498E-01 1.22839E+02 
4.55136E+02 4.07019E-04 2.15496E-01 1.15619E+02 
4.62983E+02 3.73621E-04 2.00166E-01 1.08582E+02 
4.70830E+02 3.42243E-04 1.85516E-01 1.01743E+02 
4.78677E+02 3.12829E-04 1.71553E-01 9.51140E+01 
4.86525E+02 2.85317E-04 1.58277E-01 8.87076E+01 
4.94372E+02 2.59645E-04 1.45687E-01 8.25335E+01 
5.02219E+02 2.35744E-04 1.33778E-01 7.65997E+01 
5.10066E+02 2.13542E-04 1.22542E-01 7.09130E+01 
5.17913E+02 1.92967E-04 1.11968E-01 6.54783E+01 
5.25760E+02 1.73943E-04 1.02042E-01 6.02990E+01 
5.33608E+02 1.56397E-04 9.27485E-02 5.53769E+01 
5.41455E+02 1.40250E-04 8.40702E-02 5.07124E+01 
5.49302E+02 1.25428E-04 7.59875E-02 4.63047E+01 
5.57149E+02 1.11855E-04 6.84793E-02 4.21513E+01 
5.64996E+02 9.94569E-05 6.15237E-02 3.82491E+01 
5.72844E+02 8.81599E-05 5.50973E-02 3.45933E+01 
5.80691E+02 7.78931E-05 4.91764E-02 3.11787E+01 
5.88538E+02 6.85871E-05 4.37366E-02 2.79988E+01 
5.96385E+02 6.01747E-05 3.87531E-02 2.50465E+01 
6.04232E+02 5.25912E-05 3.42012E-02 2.23143E+01 
6.12079E+02 4.57747E-05 3.00562E-02 1.97937E+01 
6.19927E+02 3.96658E-05 2.62936E-02 1.74762E+01 
6.27774E+02 3.42083E-05 2.28893E-02 1.53526E+01 
6.35621E+02 2.93486E-05 1.98198E-02 1.34138E+01 
6.43468E+02 2.50362E-05 1.70622E-02 1.16504E+01 
6.51315E+02 2.12237E-05 1.45943E-02 1.00529E+01 
6.59162E+02 1.78665E-05 1.23948E-02 8.61189E+00 
6.67010E+02 1.49229E-05 1.04432E-02 7.31800E+00 
6.74857E+02 1.23543E-05 8.72010E-03 6.16203E+00 
6.82704E+02 1.01246E-05 7.20684E-03 5.13499E+00 
6.90551E+02 8.20055E-06 5.88591E-03 4.22813E+00 
6.98398E+02 6.55139E-06 4.74077E-03 3.43297E+00 
7.06245E+02 5.14891E-06 3.75593E-03 2.74139E+00 
7.14093E+02 3.96722E-06 2.91687E-03 2.14561E+00 
7.21940E+02 2.98267E-06 2.21007E-03 1.63820E+00 
7.29787E+02 2.17371E-06 1.62298E-03 1.21213E+00 
7.37634E+02 1.52077E-06 1.14401E-03 8.60767E-01 
7.45481E+02 1.00612E-06 7.62450E-04 5.77878E-01 
7.53328E+02 6.13737E-07 4.68475E-04 3.57626E-01 
7.61176E+02 3.29218E-07 2.53088E-04 1.94572E-01 
7.69023E+02 1.39610E-07 1.08077E-04 8.36683E-02 
7.76870E+02 3.33216E-08 2.59728E-05 2.02447E-02 
