100 2 
0.00000E+00 3.40383E-03 1.00000E+00 3.60156E+02 
8.03681E+00 3.40216E-03 9.99991E-01 3.60156E+02 
1.60736E+01 3.39715E-03 9.99928E-01 3.60155E+02 
2.41104E+01 3.38882E-03 9.99759E-01 3.60152E+02 
3.21472E+01 3.37717E-03 9.99429E-01 3.60142E+02 
4.01840E+01 3.36222E-03 9.98886E-01 3.60123E+02 
4.82208E+01 3.34400E-03 9.98078E-01 3.60087E+02 
5.62577E+01 3.32252E-03 9.96954E-01 3.60028E+02 
6.42945E+01 3.29783E-03 9.95464E-01 3.59938E+02 
7.23313E+01 3.26996E-03 9.93558E-01 3.59807E+02 
8.03681E+01 3.23895E-03 9.91188E-01 3.59626E+02 
8.84049E+01 3.20487E-03 9.88310E-01 3.59383E+02 
9.64417E+01 3.16776E-03 9.84878E-01 3.59065E+02 
1.04479E+02 3.12769E-03 9.80851E-01 3.58660E+02 
1.12515E+02 3.08474E-03 9.76189E-01 3.58154E+02 
1.20552E+02 3.03899E-03 9.70856E-01 3.57532E+02 
1.28589E+02 2.99052E-03 9.64816E-01 3.56779E+02 
1.36626E+02 2.93944E-03 9.58040E-01 3.55880E+02 
1.44663E+02 2.88583E-03 9.50500E-01 3.54819E+02 
1.52699E+02 2.82983E-03 9.42172E-01 3.53580E+02 
1.60736E+02 2.77155E-03 9.33036E-01 3.52148E+02 
1.68773E+02 2.71112E-03 9.23078E-01 3.50507E+02 
1.76810E+02 2.64867E-03 9.12287E-01 3.48641E+02 
1.84847E+02 2.58435E-03 9.00655E-01 3.46538E+02 
1.92883E+02 2.51831E-03 8.88182E-01 3.44181E+02 
2.00920E+02 2.45072E-03 8.74870E-01 3.41560E+02 
2.08957E+02 2.38172E-03 8.60729E-01 3.38661E+02 
2.16994E+02 2.31149E-03 8.45772E-01 3.35475E+02 
2.25031E+02 2.24021E-03 8.30017E-01 3.31992E+02 
2.33067E+02 2.16805E-03 8.13488E-01 3.28206E+02 
2.41104E+02 2.09519E-03 7.96213E-01 3.24110E+02 
2.49141E+02 2.02181E-03 7.78227E-01 3.19701E+02 
2.57178E+02 1.94810E-03 7.59566E-01 3.14976E+02 
2.65215E+02 1.87424E-03 7.40274E-01 3.09936E+02 
2.73251E+02 1.80041E-03 7.20396E-01 3.04584E+02 
2.81288E+02 1.72679E-03 6.99984E-01 2.98924E+02 
2.89325E+02 1.65357E-03 6.79094E-01 2.92964E+02 
2.97362E+02 1.58096E-03 6.57796E-01 2.86716E+02 
3.05399E+02 1.50913E-03 6.36148E-01 2.80191E+02 
3.13436E+02 1.43823E-03 6.14210E-01 2.73404E+02 
3.21472E+02 1.36841E-03 5.92046E-01 2.66367E+02 
3.29509E+02 1.29981E-03 5.69718E-01 2.59100E+02 
3.37546E+02 1.23256E-03 5.47290E-01 2.51619E+02 
3.45583E+02 1.16679E-03 5.24826E-01 2.43946E+02 
3.53620E+02 1.10261E-03 5.02391E-01 2.36103E+02 
3.61656E+02 1.04013E-03 4.80048E-01 2.28112E+02 
3.69693E+02 9.79448E-04 4.57858E-01 2.19998E+02 
3.77730E+02 9.20640E-04 4.35882E-01 2.11786E+02 
3.85767E+02 8.63782E-04 4.14178E-01 2.03500E+02 
3.93804E+02 8.08936E-04 3.92801E-01 1.95168E+02 
4.01840E+02 7.56154E-04 3.71804E-01 1.86816E+02 
4.09877E+02 7.05473E-04 3.51237E-01 1.78468E+02 
4.17914E+02 6.56923E-04 3.31144E-01 1.70152E+02 
4.25951E+02 6.10523E-04 3.11567E-01 1.61893E+02 
4.33988E+02 5.66279E-04 2.92545E-01 1.53714E+02 
4.42024E+02 5.24189E-04 2.74111E-01 1.45640E+02 
4.50061E+02 4.84241E-04 2.56294E-01 1.37693E+02 
4.58098E+02 4.46415E-04 2.39119E-01 1.29895E+02 
4.66135E+02 4.10681E-04 2.22607E-01 1.22265E+02 
4.74172E+02 3.77003E-04 2.06775E-01 1.14822E+02 
4.82208E+02 3.45337E-04 1.91634E-01 1.07582E+02 
4.90245E+02 3.15633E-04 1.77192E-01 1.00561E+02 
4.98282E+02 2.87835E-04 1.63454E-01 9.37710E+01 
5.06319E+02 2.61883E-04 1.50420E-01 8.72243E+01 
5.14356E+02 2.37712E-04 1.38085E-01 8.09301E+01 
5.22393E+02 2.15254E-04 1.26445E-01 7.48964E+01 
5.30429E+02 1.94437E-04 1.15488E-01 6.91290E+01 
5.38466E+02 1.75190E-04 1.05202E-01 6.36322E+01 
5.46503E+02 1.57436E-04 9.55720E-02 5.84085E+01 
5.54540E+02 1.41102E-04 8.65803E-02 5.34589E+01 
5.62577E+02 1.26110E-04 7.82076E-02 4.87826E+01 
5.70613E+02 1.12386E-04 7.04324E-02 4.43776E+01 
5.78650E+02 9.98548E-05 6.32323E-02 4.02406E+01 
5.86687E+02 8.84424E-05 5.65833E-02 3.63668E+01 
5.94724E+02 7.80766E-05 5.04609E-02 3.27506E+01 
6.02761E+02 6.86871E-05 4.48396E-02 2.93852E+01 
6.10797E+02 6.02057E-05 3.96939E-02 2.62632E+01 
6.18834E+02 5.25665E-05 3.49977E-02 2.33762E+01 
6.26871E+02 4.57062E-05 3.07253E-02 2.07154E+01 
6.34908E+02 3.95643E-05 2.68509E-02 1.82713E+01 
6.42945E+02 3.40831E-05 2.33492E-02 1.60343E+01 
6.50981E+02 2.92080E-05 2.01956E-02 1.39942E+01 
6.59018E+02 2.48873E-05 1.73659E-02 1.21410E+01 
6.67055E+02 2.10723E-05 1.48367E-02 1.04642E+01 
6.75092E+02 1.77175E-05 1.25857E-02 8.95381E+00 
6.83129E+02 1.47803E-05 1.05913E-02 7.59953E+00 
6.91165E+02 1.22209E-05 8.83284E-03 6.39140E+00 
6.99202E+02 1.00027E-05 7.29096E-03 5.31964E+00 
7.07239E+02 8.09147E-06 5.94717E-03 4.37479E+00 
7.15276E+02 6.45600E-06 4.78411E-03 3.54767E+00 
7.23313E+02 5.06745E-06 3.78549E-03 2.82947E+00 
7.31350E+02 3.89947E-06 2.93612E-03 2.21179E+00 
7.39386E+02 2.92801E-06 2.22187E-03 1.68664E+00 
7.47423E+02 2.13119E-06 1.62961E-03 1.24643E+00 
7.55460E+02 1.48916E-06 1.14726E-03 8.84044E-01 
7.63497E+02 9.83986E-07 7.63682E-04 5.92785E-01 
7.71534E+02 5.99509E-07 4.68666E-04 3.66412E-01 
7.79570E+02 3.21202E-07 2.52891E-04 1.99118E-01 
7.87607E+02 1.36052E-07 1.07867E-04 8.55236E-02 
7.95644E+02 3.24352E-08 2.58928E-05 2.06701E-02 
