100 2 
0.00000E+00 3.38926E-03 1.00000E+00 3.61453E+02 
8.05607E+00 3.38761E-03 9.99991E-01 3.61453E+02 
1.61121E+01 3.38267E-03 9.99929E-01 3.61452E+02 
2.41682E+01 3.37444E-03 9.99761E-01 3.61449E+02 
3.22243E+01 3.36294E-03 9.99435E-01 3.61439E+02 
4.02804E+01 3.34818E-03 9.98898E-01 3.61420E+02 
4.83364E+01 3.33018E-03 9.98098E-01 3.61384E+02 
5.63925E+01 3.30897E-03 9.96985E-01 3.61326E+02 
6.44486E+01 3.28458E-03 9.95509E-01 3.61236E+02 
7.25046E+01 3.25704E-03 9.93622E-01 3.61107E+02 
8.05607E+01 3.22641E-03 9.91275E-01 3.60927E+02 
8.86168E+01 3.19271E-03 9.88423E-01 3.60685E+02 
9.66729E+01 3.15603E-03 9.85022E-01 3.60370E+02 
1.04729E+02 3.11640E-03 9.81030E-01 3.59967E+02 
1.12785E+02 3.07392E-03 9.76407E-01 3.59464E+02 
1.20841E+02 3.02865E-03 9.71117E-01 3.58846E+02 
1.28897E+02 2.98068E-03 9.65125E-01 3.58097E+02 
1.36953E+02 2.93010E-03 9.58400E-01 3.57203E+02 
1.45009E+02 2.87701E-03 9.50915E-01 3.56147E+02 
1.53065E+02 2.82153E-03 9.42644E-01 3.54914E+02 
1.61121E+02 2.76377E-03 9.33569E-01 3.53487E+02 
1.69178E+02 2.70386E-03 9.23673E-01 3.51853E+02 
1.77234E+02 2.64193E-03 9.12946E-01 3.49994E+02 
1.85290E+02 2.57812E-03 9.01379E-01 3.47897E+02 
1.93346E+02 2.51259E-03 8.88971E-01 3.45547E+02 
2.01402E+02 2.44548E-03 8.75724E-01 3.42932E+02 
2.09458E+02 2.37696E-03 8.61647E-01 3.40040E+02 
2.17514E+02 2.30719E-03 8.46752E-01 3.36859E+02 
2.25570E+02 2.23636E-03 8.31058E-01 3.33382E+02 
2.33626E+02 2.16462E-03 8.14587E-01 3.29600E+02 
2.41682E+02 2.09216E-03 7.97367E-01 3.25507E+02 
2.49738E+02 2.01917E-03 7.79431E-01 3.21099E+02 
2.57794E+02 1.94582E-03 7.60817E-01 3.16375E+02 
2.65850E+02 1.87229E-03 7.41567E-01 3.11335E+02 
2.73906E+02 1.79878E-03 7.21726E-01 3.05980E+02 
2.81962E+02 1.72545E-03 7.01346E-01 3.00315E+02 
2.90019E+02 1.65251E-03 6.80486E-01 2.94349E+02 
2.98075E+02 1.58016E-03 6.59212E-01 2.88093E+02 
3.06131E+02 1.50856E-03 6.37582E-01 2.81558E+02 
3.14187E+02 1.43786E-03 6.15657E-01 2.74758E+02 
3.22243E+02 1.36823E-03 5.93498E-01 2.67706E+02 
3.30299E+02 1.29979E-03 5.71168E-01 2.60421E+02 
3.38355E+02 1.23268E-03 5.48733E-01 2.52920E+02 
3.46411E+02 1.16702E-03 5.26256E-01 2.45224E+02 
3.54467E+02 1.10295E-03 5.03802E-01 2.37355E+02 
3.62523E+02 1.04055E-03 4.81434E-01 2.29337E+02 
3.70579E+02 9.79929E-04 4.59214E-01 2.21192E+02 
3.78635E+02 9.21170E-04 4.37204E-01 2.12947E+02 
3.86691E+02 8.64348E-04 4.15462E-01 2.04628E+02 
3.94747E+02 8.09526E-04 3.94043E-01 1.96259E+02 
4.02804E+02 7.56755E-04 3.73001E-01 1.87868E+02 
4.10860E+02 7.06078E-04 3.52385E-01 1.79481E+02 
4.18916E+02 6.57522E-04 3.32241E-01 1.71124E+02 
4.26972E+02 6.11109E-04 3.12612E-01 1.62823E+02 
4.35028E+02 5.66846E-04 2.93537E-01 1.54601E+02 
4.43084E+02 5.24732E-04 2.75048E-01 1.46484E+02 
4.51140E+02 4.84757E-04 2.57176E-01 1.38494E+02 
4.59196E+02 4.46901E-04 2.39946E-01 1.30652E+02 
4.67252E+02 4.11135E-04 2.23380E-01 1.22978E+02 
4.75308E+02 3.77423E-04 2.07494E-01 1.15492E+02 
4.83364E+02 3.45723E-04 1.92300E-01 1.08210E+02 
4.91420E+02 3.15984E-04 1.77807E-01 1.01146E+02 
4.99476E+02 2.88152E-04 1.64019E-01 9.43155E+01 
5.07533E+02 2.62167E-04 1.50936E-01 8.77289E+01 
5.15589E+02 2.37964E-04 1.38556E-01 8.13962E+01 
5.23645E+02 2.15475E-04 1.26872E-01 7.53252E+01 
5.31701E+02 1.94630E-04 1.15874E-01 6.95222E+01 
5.39757E+02 1.75356E-04 1.05549E-01 6.39914E+01 
5.47813E+02 1.57578E-04 9.58823E-02 5.87353E+01 
5.55869E+02 1.41221E-04 8.68566E-02 5.37550E+01 
5.63925E+02 1.26209E-04 7.84524E-02 4.90499E+01 
5.71981E+02 1.12466E-04 7.06482E-02 4.46179E+01 
5.80037E+02 9.99187E-05 6.34214E-02 4.04556E+01 
5.88093E+02 8.84921E-05 5.67482E-02 3.65584E+01 
5.96149E+02 7.81139E-05 5.06037E-02 3.29204E+01 
6.04205E+02 6.87138E-05 4.49626E-02 2.95351E+01 
6.12261E+02 6.02235E-05 3.97991E-02 2.63948E+01 
6.20318E+02 5.25768E-05 3.50871E-02 2.34911E+01 
6.28374E+02 4.57104E-05 3.08006E-02 2.08152E+01 
6.36430E+02 3.95637E-05 2.69139E-02 1.83574E+01 
6.44486E+02 3.40788E-05 2.34015E-02 1.61082E+01 
6.52542E+02 2.92010E-05 2.02385E-02 1.40571E+01 
6.60598E+02 2.48783E-05 1.74008E-02 1.21942E+01 
6.68654E+02 2.10622E-05 1.48648E-02 1.05089E+01 
6.76710E+02 1.77068E-05 1.26080E-02 8.99097E+00 
6.84766E+02 1.47695E-05 1.06087E-02 7.63014E+00 
6.92822E+02 1.22105E-05 8.84631E-03 6.41636E+00 
7.00878E+02 9.99284E-06 7.30115E-03 5.33976E+00 
7.08934E+02 8.08247E-06 5.95472E-03 4.39078E+00 
7.16990E+02 6.44799E-06 4.78958E-03 3.56019E+00 
7.25046E+02 5.06051E-06 3.78933E-03 2.83910E+00 
7.33103E+02 3.89363E-06 2.93873E-03 2.21904E+00 
7.41159E+02 2.92325E-06 2.22356E-03 1.69196E+00 
7.49215E+02 2.12745E-06 1.63064E-03 1.25020E+00 
7.57271E+02 1.48635E-06 1.14784E-03 8.86608E-01 
7.65327E+02 9.82012E-07 7.63975E-04 5.94433E-01 
7.73383E+02 5.98232E-07 4.68788E-04 3.67385E-01 
7.81439E+02 3.20479E-07 2.52926E-04 1.99622E-01 
7.89495E+02 1.35730E-07 1.07870E-04 8.57305E-02 
7.97551E+02 3.23546E-08 2.58903E-05 2.07177E-02 
