100 2 
0.00000E+00 3.39944E-03 1.00000E+00 3.60546E+02 
8.04261E+00 3.39777E-03 9.99991E-01 3.60546E+02 
1.60852E+01 3.39279E-03 9.99929E-01 3.60545E+02 
2.41278E+01 3.38449E-03 9.99760E-01 3.60542E+02 
3.21704E+01 3.37288E-03 9.99431E-01 3.60532E+02 
4.02131E+01 3.35799E-03 9.98890E-01 3.60513E+02 
4.82557E+01 3.33983E-03 9.98084E-01 3.60477E+02 
5.62983E+01 3.31844E-03 9.96964E-01 3.60418E+02 
6.43409E+01 3.29384E-03 9.95477E-01 3.60328E+02 
7.23835E+01 3.26607E-03 9.93577E-01 3.60198E+02 
8.04261E+01 3.23517E-03 9.91214E-01 3.60017E+02 
8.84687E+01 3.20121E-03 9.88344E-01 3.59774E+02 
9.65113E+01 3.16422E-03 9.84921E-01 3.59457E+02 
1.04554E+02 3.12429E-03 9.80905E-01 3.59053E+02 
1.12597E+02 3.08148E-03 9.76255E-01 3.58548E+02 
1.20639E+02 3.03587E-03 9.70934E-01 3.57927E+02 
1.28682E+02 2.98755E-03 9.64909E-01 3.57175E+02 
1.36724E+02 2.93662E-03 9.58148E-01 3.56278E+02 
1.44767E+02 2.88317E-03 9.50624E-01 3.55218E+02 
1.52810E+02 2.82733E-03 9.42314E-01 3.53981E+02 
1.60852E+02 2.76921E-03 9.33197E-01 3.52551E+02 
1.68895E+02 2.70893E-03 9.23257E-01 3.50911E+02 
1.76937E+02 2.64664E-03 9.12485E-01 3.49048E+02 
1.84980E+02 2.58247E-03 9.00873E-01 3.46946E+02 
1.93023E+02 2.51659E-03 8.88419E-01 3.44592E+02 
2.01065E+02 2.44914E-03 8.75127E-01 3.41972E+02 
2.09108E+02 2.38028E-03 8.61005E-01 3.39076E+02 
2.17150E+02 2.31019E-03 8.46067E-01 3.35891E+02 
2.25193E+02 2.23905E-03 8.30330E-01 3.32410E+02 
2.33236E+02 2.16701E-03 8.13818E-01 3.28625E+02 
2.41278E+02 2.09427E-03 7.96560E-01 3.24530E+02 
2.49321E+02 2.02101E-03 7.78589E-01 3.20121E+02 
2.57364E+02 1.94741E-03 7.59942E-01 3.15397E+02 
2.65406E+02 1.87365E-03 7.40662E-01 3.10357E+02 
2.73449E+02 1.79991E-03 7.20796E-01 3.05004E+02 
2.81491E+02 1.72638E-03 7.00393E-01 2.99342E+02 
2.89534E+02 1.65325E-03 6.79512E-01 2.93380E+02 
2.97577E+02 1.58072E-03 6.58221E-01 2.87130E+02 
3.05619E+02 1.50895E-03 6.36578E-01 2.80602E+02 
3.13662E+02 1.43812E-03 6.14645E-01 2.73810E+02 
3.21704E+02 1.36835E-03 5.92482E-01 2.66770E+02 
3.29747E+02 1.29980E-03 5.70153E-01 2.59496E+02 
3.37790E+02 1.23259E-03 5.47723E-01 2.52010E+02 
3.45832E+02 1.16686E-03 5.25255E-01 2.44330E+02 
3.53875E+02 1.10271E-03 5.02814E-01 2.36479E+02 
3.61917E+02 1.04026E-03 4.80464E-01 2.28480E+02 
3.69960E+02 9.79590E-04 4.58265E-01 2.20357E+02 
3.78003E+02 9.20797E-04 4.36279E-01 2.12135E+02 
3.86045E+02 8.63950E-04 4.14563E-01 2.03839E+02 
3.94088E+02 8.09112E-04 3.93174E-01 1.95496E+02 
4.02131E+02 7.56333E-04 3.72164E-01 1.87132E+02 
4.10173E+02 7.05653E-04 3.51581E-01 1.78772E+02 
4.18216E+02 6.57102E-04 3.31473E-01 1.70444E+02 
4.26258E+02 6.10697E-04 3.11881E-01 1.62172E+02 
4.34301E+02 5.66448E-04 2.92843E-01 1.53981E+02 
4.42344E+02 5.24351E-04 2.74392E-01 1.45894E+02 
4.50386E+02 4.84395E-04 2.56558E-01 1.37934E+02 
4.58429E+02 4.46560E-04 2.39367E-01 1.30122E+02 
4.66471E+02 4.10816E-04 2.22839E-01 1.22479E+02 
4.74514E+02 3.77128E-04 2.06990E-01 1.15023E+02 
4.82557E+02 3.45452E-04 1.91834E-01 1.07771E+02 
4.90599E+02 3.15738E-04 1.77377E-01 1.00737E+02 
4.98642E+02 2.87930E-04 1.63623E-01 9.39345E+01 
5.06684E+02 2.61968E-04 1.50575E-01 8.73757E+01 
5.14727E+02 2.37787E-04 1.38226E-01 8.10700E+01 
5.22770E+02 2.15320E-04 1.26573E-01 7.50251E+01 
5.30812E+02 1.94495E-04 1.15603E-01 6.92470E+01 
5.38855E+02 1.75239E-04 1.05306E-01 6.37400E+01 
5.46898E+02 1.57478E-04 9.56650E-02 5.85066E+01 
5.54940E+02 1.41137E-04 8.66632E-02 5.35478E+01 
5.62983E+02 1.26139E-04 7.82810E-02 4.88628E+01 
5.71025E+02 1.12410E-04 7.04971E-02 4.44497E+01 
5.79068E+02 9.98736E-05 6.32889E-02 4.03051E+01 
5.87111E+02 8.84569E-05 5.66327E-02 3.64243E+01 
5.95153E+02 7.80875E-05 5.05037E-02 3.28015E+01 
6.03196E+02 6.86949E-05 4.48765E-02 2.94302E+01 
6.11238E+02 6.02108E-05 3.97254E-02 2.63027E+01 
6.19281E+02 5.25694E-05 3.50245E-02 2.34107E+01 
6.27324E+02 4.57073E-05 3.07479E-02 2.07453E+01 
6.35366E+02 3.95639E-05 2.68697E-02 1.82972E+01 
6.43409E+02 3.40817E-05 2.33649E-02 1.60564E+01 
6.51451E+02 2.92057E-05 2.02084E-02 1.40131E+01 
6.59494E+02 2.48845E-05 1.73763E-02 1.21569E+01 
6.67537E+02 2.10692E-05 1.48451E-02 1.04776E+01 
6.75579E+02 1.77142E-05 1.25924E-02 8.96496E+00 
6.83622E+02 1.47770E-05 1.05965E-02 7.60872E+00 
6.91665E+02 1.22177E-05 8.83685E-03 6.39888E+00 
6.99707E+02 9.99964E-06 7.29400E-03 5.32567E+00 
7.07750E+02 8.08871E-06 5.94942E-03 4.37958E+00 
7.15792E+02 6.45355E-06 4.78573E-03 3.55142E+00 
7.23835E+02 5.06534E-06 3.78663E-03 2.83236E+00 
7.31878E+02 3.89770E-06 2.93690E-03 2.21397E+00 
7.39920E+02 2.92657E-06 2.22237E-03 1.68823E+00 
7.47963E+02 2.13005E-06 1.62992E-03 1.24757E+00 
7.56005E+02 1.48830E-06 1.14743E-03 8.84812E-01 
7.64048E+02 9.83386E-07 7.63766E-04 5.93279E-01 
7.72091E+02 5.99122E-07 4.68701E-04 3.66704E-01 
7.80133E+02 3.20983E-07 2.52900E-04 1.99269E-01 
7.88176E+02 1.35954E-07 1.07868E-04 8.55856E-02 
7.96218E+02 3.24109E-08 2.58920E-05 2.06844E-02 
