100 2 
0.00000E+00 3.57375E-03 1.00000E+00 3.45611E+02 
7.81403E+00 3.57183E-03 9.99990E-01 3.45611E+02 
1.56281E+01 3.56608E-03 9.99920E-01 3.45610E+02 
2.34421E+01 3.55651E-03 9.99731E-01 3.45607E+02 
3.12561E+01 3.54314E-03 9.99363E-01 3.45596E+02 
3.90701E+01 3.52600E-03 9.98758E-01 3.45575E+02 
4.68842E+01 3.50513E-03 9.97858E-01 3.45536E+02 
5.46982E+01 3.48058E-03 9.96609E-01 3.45472E+02 
6.25122E+01 3.45240E-03 9.94955E-01 3.45375E+02 
7.03262E+01 3.42064E-03 9.92843E-01 3.45235E+02 
7.81403E+01 3.38540E-03 9.90225E-01 3.45040E+02 
8.59543E+01 3.34674E-03 9.87051E-01 3.44779E+02 
9.37683E+01 3.30476E-03 9.83276E-01 3.44439E+02 
1.01582E+02 3.25955E-03 9.78858E-01 3.44008E+02 
1.09396E+02 3.21123E-03 9.73759E-01 3.43469E+02 
1.17210E+02 3.15990E-03 9.67942E-01 3.42810E+02 
1.25024E+02 3.10570E-03 9.61375E-01 3.42014E+02 
1.32838E+02 3.04876E-03 9.54031E-01 3.41066E+02 
1.40652E+02 2.98921E-03 9.45886E-01 3.39952E+02 
1.48467E+02 2.92720E-03 9.36922E-01 3.38656E+02 
1.56281E+02 2.86290E-03 9.27122E-01 3.37162E+02 
1.64095E+02 2.79646E-03 9.16478E-01 3.35456E+02 
1.71909E+02 2.72806E-03 9.04985E-01 3.33525E+02 
1.79723E+02 2.65786E-03 8.92642E-01 3.31354E+02 
1.87537E+02 2.58605E-03 8.79455E-01 3.28932E+02 
1.95351E+02 2.51282E-03 8.65434E-01 3.26247E+02 
2.03165E+02 2.43835E-03 8.50595E-01 3.23290E+02 
2.10979E+02 2.36283E-03 8.34957E-01 3.20051E+02 
2.18793E+02 2.28646E-03 8.18546E-01 3.16524E+02 
2.26607E+02 2.20944E-03 8.01392E-01 3.12704E+02 
2.34421E+02 2.13195E-03 7.83529E-01 3.08586E+02 
2.42235E+02 2.05419E-03 7.64998E-01 3.04169E+02 
2.50049E+02 1.97636E-03 7.45840E-01 2.99453E+02 
2.57863E+02 1.89865E-03 7.26104E-01 2.94440E+02 
2.65677E+02 1.82123E-03 7.05839E-01 2.89135E+02 
2.73491E+02 1.74430E-03 6.85100E-01 2.83544E+02 
2.81305E+02 1.66803E-03 6.63942E-01 2.77675E+02 
2.89119E+02 1.59258E-03 6.42425E-01 2.71537E+02 
2.96933E+02 1.51813E-03 6.20609E-01 2.65145E+02 
3.04747E+02 1.44482E-03 5.98556E-01 2.58510E+02 
3.12561E+02 1.37282E-03 5.76334E-01 2.51651E+02 
3.20375E+02 1.30231E-03 5.54020E-01 2.44589E+02 
3.28189E+02 1.23340E-03 5.31675E-01 2.37343E+02 
3.36003E+02 1.16621E-03 5.09362E-01 2.29933E+02 
3.43817E+02 1.10083E-03 4.87140E-01 2.22380E+02 
3.51631E+02 1.03735E-03 4.65070E-01 2.14706E+02 
3.59445E+02 9.75859E-04 4.43208E-01 2.06933E+02 
3.67259E+02 9.16416E-04 4.21610E-01 1.99086E+02 
3.75073E+02 8.59080E-04 4.00330E-01 1.91187E+02 
3.82887E+02 8.03895E-04 3.79418E-01 1.83262E+02 
3.90701E+02 7.50899E-04 3.58921E-01 1.75334E+02 
3.98515E+02 7.00114E-04 3.38882E-01 1.67427E+02 
4.06329E+02 6.51556E-04 3.19342E-01 1.59564E+02 
4.14143E+02 6.05228E-04 3.00338E-01 1.51769E+02 
4.21957E+02 5.61124E-04 2.81902E-01 1.44062E+02 
4.29772E+02 5.19231E-04 2.64063E-01 1.36465E+02 
4.37586E+02 4.79525E-04 2.46845E-01 1.28998E+02 
4.45400E+02 4.41975E-04 2.30268E-01 1.21680E+02 
4.53214E+02 4.06543E-04 2.14349E-01 1.14528E+02 
4.61028E+02 3.73183E-04 1.99101E-01 1.07559E+02 
4.68842E+02 3.41844E-04 1.84532E-01 1.00785E+02 
4.76656E+02 3.12470E-04 1.70647E-01 9.42215E+01 
4.84470E+02 2.84999E-04 1.57447E-01 8.78784E+01 
4.92284E+02 2.59366E-04 1.44929E-01 8.17656E+01 
5.00098E+02 2.35503E-04 1.33089E-01 7.58913E+01 
5.07912E+02 2.13337E-04 1.21919E-01 7.02617E+01 
5.15726E+02 1.92796E-04 1.11407E-01 6.48817E+01 
5.23540E+02 1.73804E-04 1.01539E-01 5.97545E+01 
5.31354E+02 1.56286E-04 9.23000E-02 5.48820E+01 
5.39168E+02 1.40166E-04 8.36723E-02 5.02643E+01 
5.46982E+02 1.25367E-04 7.56364E-02 4.59005E+01 
5.54796E+02 1.11815E-04 6.81713E-02 4.17884E+01 
5.62610E+02 9.94339E-05 6.12549E-02 3.79246E+01 
5.70424E+02 8.81522E-05 5.48643E-02 3.43046E+01 
5.78238E+02 7.78981E-05 4.89757E-02 3.09229E+01 
5.86052E+02 6.86024E-05 4.35649E-02 2.77733E+01 
5.93866E+02 6.01981E-05 3.86073E-02 2.48488E+01 
6.01680E+02 5.26209E-05 3.40783E-02 2.21418E+01 
6.09494E+02 4.58089E-05 2.99535E-02 1.96441E+01 
6.17308E+02 3.97029E-05 2.62086E-02 1.73472E+01 
6.25122E+02 3.42469E-05 2.28196E-02 1.52422E+01 
6.32936E+02 2.93876E-05 1.97633E-02 1.33199E+01 
6.40750E+02 2.50746E-05 1.70170E-02 1.15710E+01 
6.48564E+02 2.12607E-05 1.45586E-02 9.98643E+00 
6.56378E+02 1.79014E-05 1.23671E-02 8.55669E+00 
6.64192E+02 1.49554E-05 1.04221E-02 7.27260E+00 
6.72006E+02 1.23839E-05 8.70431E-03 6.12509E+00 
6.79820E+02 1.01511E-05 7.19535E-03 5.10530E+00 
6.87634E+02 8.22382E-06 5.87781E-03 4.20458E+00 
6.95448E+02 6.57145E-06 4.73530E-03 3.41459E+00 
7.03263E+02 5.16583E-06 3.75242E-03 2.72731E+00 
7.11077E+02 3.98115E-06 2.91479E-03 2.13505E+00 
7.18891E+02 2.99381E-06 2.20898E-03 1.63049E+00 
7.26705E+02 2.18231E-06 1.62253E-03 1.20668E+00 
7.34519E+02 1.52712E-06 1.14394E-03 8.57084E-01 
7.42333E+02 1.01053E-06 7.62566E-04 5.75527E-01 
7.50147E+02 6.16563E-07 4.68645E-04 3.56245E-01 
7.57961E+02 3.30802E-07 2.53232E-04 1.93861E-01 
7.65775E+02 1.40311E-07 1.08161E-04 8.33794E-02 
7.73589E+02 3.34955E-08 2.59980E-05 2.01788E-02 
