100 2 
0.00000E+00 3.36727E-03 1.00000E+00 3.63426E+02 
8.08520E+00 3.36566E-03 9.99991E-01 3.63426E+02 
1.61704E+01 3.36081E-03 9.99930E-01 3.63425E+02 
2.42556E+01 3.35275E-03 9.99765E-01 3.63421E+02 
3.23408E+01 3.34147E-03 9.99444E-01 3.63412E+02 
4.04260E+01 3.32700E-03 9.98915E-01 3.63393E+02 
4.85112E+01 3.30934E-03 9.98128E-01 3.63358E+02 
5.65964E+01 3.28853E-03 9.97032E-01 3.63300E+02 
6.46816E+01 3.26459E-03 9.95578E-01 3.63211E+02 
7.27668E+01 3.23756E-03 9.93719E-01 3.63083E+02 
8.08520E+01 3.20747E-03 9.91406E-01 3.62905E+02 
8.89372E+01 3.17438E-03 9.88594E-01 3.62666E+02 
9.70224E+01 3.13832E-03 9.85240E-01 3.62354E+02 
1.05108E+02 3.09937E-03 9.81301E-01 3.61956E+02 
1.13193E+02 3.05759E-03 9.76739E-01 3.61457E+02 
1.21278E+02 3.01305E-03 9.71515E-01 3.60844E+02 
1.29363E+02 2.96582E-03 9.65595E-01 3.60102E+02 
1.37448E+02 2.91601E-03 9.58948E-01 3.59215E+02 
1.45534E+02 2.86370E-03 9.51545E-01 3.58167E+02 
1.53619E+02 2.80901E-03 9.43363E-01 3.56942E+02 
1.61704E+02 2.75204E-03 9.34380E-01 3.55525E+02 
1.69789E+02 2.69292E-03 9.24579E-01 3.53900E+02 
1.77874E+02 2.63177E-03 9.13948E-01 3.52052E+02 
1.85960E+02 2.56874E-03 9.02480E-01 3.49965E+02 
1.94045E+02 2.50396E-03 8.90172E-01 3.47626E+02 
2.02130E+02 2.43760E-03 8.77025E-01 3.45021E+02 
2.10215E+02 2.36980E-03 8.63046E-01 3.42138E+02 
2.18300E+02 2.30073E-03 8.48247E-01 3.38967E+02 
2.26386E+02 2.23057E-03 8.32645E-01 3.35498E+02 
2.34471E+02 2.15947E-03 8.16262E-01 3.31722E+02 
2.42556E+02 2.08763E-03 7.99126E-01 3.27634E+02 
2.50641E+02 2.01522E-03 7.81269E-01 3.23230E+02 
2.58726E+02 1.94241E-03 7.62726E-01 3.18507E+02 
2.66812E+02 1.86940E-03 7.43540E-01 3.13466E+02 
2.74897E+02 1.79635E-03 7.23757E-01 3.08107E+02 
2.82982E+02 1.72347E-03 7.03426E-01 3.02435E+02 
2.91067E+02 1.65096E-03 6.82614E-01 2.96461E+02 
2.99152E+02 1.57900E-03 6.61378E-01 2.90194E+02 
3.07238E+02 1.50775E-03 6.39776E-01 2.83644E+02 
3.15323E+02 1.43737E-03 6.17869E-01 2.76825E+02 
3.23408E+02 1.36800E-03 5.95718E-01 2.69750E+02 
3.31493E+02 1.29981E-03 5.73387E-01 2.62438E+02 
3.39578E+02 1.23291E-03 5.50940E-01 2.54906E+02 
3.47664E+02 1.16743E-03 5.28443E-01 2.47176E+02 
3.55749E+02 1.10350E-03 5.05960E-01 2.39268E+02 
3.63834E+02 1.04123E-03 4.83555E-01 2.31207E+02 
3.71919E+02 9.80702E-04 4.61290E-01 2.23017E+02 
3.80004E+02 9.22017E-04 4.39228E-01 2.14723E+02 
3.88090E+02 8.65247E-04 4.17427E-01 2.06350E+02 
3.96175E+02 8.10458E-04 3.95944E-01 1.97926E+02 
4.04260E+02 7.57705E-04 3.74833E-01 1.89477E+02 
4.12345E+02 7.07030E-04 3.54143E-01 1.81030E+02 
4.20430E+02 6.58465E-04 3.33923E-01 1.72611E+02 
4.28516E+02 6.12030E-04 3.14214E-01 1.64245E+02 
4.36601E+02 5.67737E-04 2.95056E-01 1.55959E+02 
4.44686E+02 5.25587E-04 2.76484E-01 1.47776E+02 
4.52771E+02 4.85568E-04 2.58528E-01 1.39719E+02 
4.60856E+02 4.47664E-04 2.41215E-01 1.31810E+02 
4.68942E+02 4.11847E-04 2.24565E-01 1.24070E+02 
4.77027E+02 3.78083E-04 2.08596E-01 1.16518E+02 
4.85112E+02 3.46329E-04 1.93321E-01 1.09170E+02 
4.93197E+02 3.16536E-04 1.78750E-01 1.02042E+02 
5.01282E+02 2.88651E-04 1.64886E-01 9.51491E+01 
5.09368E+02 2.62615E-04 1.51730E-01 8.85016E+01 
5.17453E+02 2.38362E-04 1.39279E-01 8.21099E+01 
5.25538E+02 2.15826E-04 1.27528E-01 7.59822E+01 
5.33623E+02 1.94936E-04 1.16466E-01 7.01246E+01 
5.41708E+02 1.75620E-04 1.06082E-01 6.45416E+01 
5.49794E+02 1.57804E-04 9.63595E-02 5.92361E+01 
5.57879E+02 1.41411E-04 8.72817E-02 5.42089E+01 
5.65964E+02 1.26367E-04 7.88291E-02 4.94596E+01 
5.74049E+02 1.12596E-04 7.09803E-02 4.49861E+01 
5.82134E+02 1.00023E-04 6.37126E-02 4.07852E+01 
5.90220E+02 8.85740E-05 5.70021E-02 3.68520E+01 
5.98305E+02 7.81763E-05 5.08239E-02 3.31808E+01 
6.06390E+02 6.87595E-05 4.51523E-02 2.97649E+01 
6.14475E+02 6.02550E-05 3.99615E-02 2.65966E+01 
6.22560E+02 5.25965E-05 3.52251E-02 2.36673E+01 
6.30646E+02 4.57204E-05 3.09171E-02 2.09682E+01 
6.38731E+02 3.95660E-05 2.70113E-02 1.84895E+01 
6.46816E+02 3.40751E-05 2.34824E-02 1.62214E+01 
6.54901E+02 2.91927E-05 2.03050E-02 1.41537E+01 
6.62986E+02 2.48669E-05 1.74549E-02 1.22758E+01 
6.71072E+02 2.10487E-05 1.49084E-02 1.05774E+01 
6.79157E+02 1.76922E-05 1.26427E-02 9.04798E+00 
6.87242E+02 1.47545E-05 1.06359E-02 7.67713E+00 
6.95327E+02 1.21957E-05 8.86732E-03 6.45468E+00 
7.03412E+02 9.97883E-06 7.31712E-03 5.37066E+00 
7.11498E+02 8.06958E-06 5.96660E-03 4.41536E+00 
7.19583E+02 6.43644E-06 4.79820E-03 3.57943E+00 
7.27668E+02 5.05045E-06 3.79542E-03 2.85390E+00 
7.35753E+02 3.88513E-06 2.94288E-03 2.23019E+00 
7.43838E+02 2.91629E-06 2.22626E-03 1.70013E+00 
7.51924E+02 2.12197E-06 1.63232E-03 1.25600E+00 
7.60009E+02 1.48225E-06 1.14880E-03 8.90554E-01 
7.68094E+02 9.79110E-07 7.64468E-04 5.96965E-01 
7.76179E+02 5.96353E-07 4.69004E-04 3.68883E-01 
7.84264E+02 3.19414E-07 2.52996E-04 2.00400E-01 
7.92350E+02 1.35254E-07 1.07880E-04 8.60485E-02 
8.00435E+02 3.22358E-08 2.58886E-05 2.07912E-02 
