100 2 
0.00000E+00 3.53972E-03 1.00000E+00 3.48442E+02 
7.85844E+00 3.53785E-03 9.99990E-01 3.48442E+02 
1.57169E+01 3.53225E-03 9.99922E-01 3.48441E+02 
2.35753E+01 3.52293E-03 9.99736E-01 3.48437E+02 
3.14338E+01 3.50990E-03 9.99375E-01 3.48427E+02 
3.92922E+01 3.49320E-03 9.98782E-01 3.48406E+02 
4.71507E+01 3.47286E-03 9.97901E-01 3.48368E+02 
5.50091E+01 3.44892E-03 9.96675E-01 3.48305E+02 
6.28675E+01 3.42143E-03 9.95053E-01 3.48209E+02 
7.07260E+01 3.39045E-03 9.92981E-01 3.48070E+02 
7.85844E+01 3.35605E-03 9.90411E-01 3.47878E+02 
8.64429E+01 3.31830E-03 9.87294E-01 3.47621E+02 
9.43013E+01 3.27728E-03 9.83585E-01 3.47285E+02 
1.02160E+02 3.23310E-03 9.79243E-01 3.46858E+02 
1.10018E+02 3.18584E-03 9.74228E-01 3.46326E+02 
1.17877E+02 3.13562E-03 9.68503E-01 3.45673E+02 
1.25735E+02 3.08256E-03 9.62038E-01 3.44885E+02 
1.33594E+02 3.02678E-03 9.54803E-01 3.43946E+02 
1.41452E+02 2.96841E-03 9.46775E-01 3.42842E+02 
1.49310E+02 2.90759E-03 9.37932E-01 3.41556E+02 
1.57169E+02 2.84448E-03 9.28259E-01 3.40073E+02 
1.65027E+02 2.77923E-03 9.17747E-01 3.38379E+02 
1.72886E+02 2.71201E-03 9.06387E-01 3.36459E+02 
1.80744E+02 2.64297E-03 8.94180E-01 3.34300E+02 
1.88603E+02 2.57231E-03 8.81129E-01 3.31889E+02 
1.96461E+02 2.50019E-03 8.67243E-01 3.29215E+02 
2.04320E+02 2.42680E-03 8.52535E-01 3.26267E+02 
2.12178E+02 2.35233E-03 8.37026E-01 3.23037E+02 
2.20036E+02 2.27697E-03 8.20739E-01 3.19517E+02 
2.27895E+02 2.20090E-03 8.03703E-01 3.15701E+02 
2.35753E+02 2.12433E-03 7.85951E-01 3.11585E+02 
2.43612E+02 2.04744E-03 7.67521E-01 3.07167E+02 
2.51470E+02 1.97042E-03 7.48457E-01 3.02448E+02 
2.59329E+02 1.89347E-03 7.28803E-01 2.97428E+02 
2.67187E+02 1.81676E-03 7.08609E-01 2.92111E+02 
2.75045E+02 1.74048E-03 6.87930E-01 2.86504E+02 
2.82904E+02 1.66481E-03 6.66820E-01 2.80615E+02 
2.90762E+02 1.58992E-03 6.45338E-01 2.74453E+02 
2.98621E+02 1.51596E-03 6.23545E-01 2.68030E+02 
3.06479E+02 1.44311E-03 6.01505E-01 2.61362E+02 
3.14338E+02 1.37156E-03 5.79294E-01 2.54468E+02 
3.22196E+02 1.30143E-03 5.56978E-01 2.47365E+02 
3.30055E+02 1.23287E-03 5.34618E-01 2.40073E+02 
3.37913E+02 1.16597E-03 5.12276E-01 2.32611E+02 
3.45771E+02 1.10084E-03 4.90013E-01 2.25001E+02 
3.53630E+02 1.03758E-03 4.67891E-01 2.17265E+02 
3.61488E+02 9.76254E-04 4.45966E-01 2.09426E+02 
3.69347E+02 9.16949E-04 4.24296E-01 2.01507E+02 
3.77205E+02 8.59720E-04 4.02935E-01 1.93534E+02 
3.85064E+02 8.04615E-04 3.81934E-01 1.85530E+02 
3.92922E+02 7.51673E-04 3.61342E-01 1.77520E+02 
4.00781E+02 7.00922E-04 3.41202E-01 1.69528E+02 
4.08639E+02 6.52378E-04 3.21558E-01 1.61578E+02 
4.16497E+02 6.06048E-04 3.02445E-01 1.53693E+02 
4.24356E+02 5.61928E-04 2.83897E-01 1.45895E+02 
4.32214E+02 5.20008E-04 2.65945E-01 1.38207E+02 
4.40073E+02 4.80267E-04 2.48613E-01 1.30648E+02 
4.47931E+02 4.42674E-04 2.31923E-01 1.23238E+02 
4.55790E+02 4.07193E-04 2.15893E-01 1.15995E+02 
4.63648E+02 3.73782E-04 2.00534E-01 1.08935E+02 
4.71507E+02 3.42389E-04 1.85857E-01 1.02073E+02 
4.79365E+02 3.12960E-04 1.71866E-01 9.54216E+01 
4.87223E+02 2.85435E-04 1.58565E-01 8.89934E+01 
4.95082E+02 2.59748E-04 1.45950E-01 8.27981E+01 
5.02940E+02 2.35833E-04 1.34017E-01 7.68439E+01 
5.10799E+02 2.13618E-04 1.22758E-01 7.11376E+01 
5.18657E+02 1.93031E-04 1.12162E-01 6.56841E+01 
5.26516E+02 1.73996E-04 1.02216E-01 6.04867E+01 
5.34374E+02 1.56439E-04 9.29041E-02 5.55476E+01 
5.42233E+02 1.40283E-04 8.42083E-02 5.08670E+01 
5.50091E+02 1.25453E-04 7.61094E-02 4.64441E+01 
5.57949E+02 1.11873E-04 6.85864E-02 4.22765E+01 
5.65808E+02 9.94680E-05 6.16171E-02 3.83610E+01 
5.73666E+02 8.81656E-05 5.51784E-02 3.46930E+01 
5.81525E+02 7.78941E-05 4.92464E-02 3.12670E+01 
5.89383E+02 6.85843E-05 4.37965E-02 2.80766E+01 
5.97242E+02 6.01688E-05 3.88040E-02 2.51148E+01 
6.05100E+02 5.25830E-05 3.42442E-02 2.23738E+01 
6.12958E+02 4.57647E-05 3.00921E-02 1.98454E+01 
6.20817E+02 3.96546E-05 2.63233E-02 1.75207E+01 
6.28675E+02 3.41964E-05 2.29137E-02 1.53908E+01 
6.36534E+02 2.93363E-05 1.98396E-02 1.34463E+01 
6.44392E+02 2.50240E-05 1.70781E-02 1.16778E+01 
6.52251E+02 2.12118E-05 1.46069E-02 1.00759E+01 
6.60109E+02 1.78552E-05 1.24046E-02 8.63098E+00 
6.67968E+02 1.49124E-05 1.04508E-02 7.33370E+00 
6.75826E+02 1.23447E-05 8.72573E-03 6.17481E+00 
6.83684E+02 1.01160E-05 7.21097E-03 5.14527E+00 
6.91543E+02 8.19294E-06 5.88884E-03 4.23628E+00 
6.99401E+02 6.54481E-06 4.74279E-03 3.43934E+00 
7.07260E+02 5.14335E-06 3.75724E-03 2.74627E+00 
7.15118E+02 3.96264E-06 2.91767E-03 2.14927E+00 
7.22977E+02 2.97900E-06 2.21051E-03 1.64087E+00 
7.30835E+02 2.17087E-06 1.62319E-03 1.21402E+00 
7.38694E+02 1.51867E-06 1.14407E-03 8.62048E-01 
7.46552E+02 1.00465E-06 7.62435E-04 5.78696E-01 
7.54410E+02 6.12801E-07 4.68431E-04 3.58106E-01 
7.62269E+02 3.28692E-07 2.53046E-04 1.94820E-01 
7.70127E+02 1.39378E-07 1.08053E-04 8.37692E-02 
7.77986E+02 3.32639E-08 2.59650E-05 2.02677E-02 
