100 2 
0.00000E+00 3.55025E-03 1.00000E+00 3.47562E+02 
7.84470E+00 3.54836E-03 9.99990E-01 3.47562E+02 
1.56894E+01 3.54271E-03 9.99921E-01 3.47562E+02 
2.35341E+01 3.53331E-03 9.99734E-01 3.47558E+02 
3.13788E+01 3.52018E-03 9.99371E-01 3.47548E+02 
3.92235E+01 3.50334E-03 9.98775E-01 3.47526E+02 
4.70682E+01 3.48284E-03 9.97887E-01 3.47488E+02 
5.49129E+01 3.45871E-03 9.96655E-01 3.47425E+02 
6.27576E+01 3.43100E-03 9.95022E-01 3.47329E+02 
7.06023E+01 3.39978E-03 9.92938E-01 3.47189E+02 
7.84470E+01 3.36512E-03 9.90353E-01 3.46996E+02 
8.62917E+01 3.32709E-03 9.87218E-01 3.46738E+02 
9.41364E+01 3.28578E-03 9.83489E-01 3.46401E+02 
1.01981E+02 3.24127E-03 9.79123E-01 3.45972E+02 
1.09826E+02 3.19369E-03 9.74082E-01 3.45438E+02 
1.17671E+02 3.14313E-03 9.68328E-01 3.44783E+02 
1.25515E+02 3.08971E-03 9.61832E-01 3.43993E+02 
1.33360E+02 3.03357E-03 9.54563E-01 3.43051E+02 
1.41205E+02 2.97483E-03 9.46498E-01 3.41944E+02 
1.49049E+02 2.91365E-03 9.37617E-01 3.40654E+02 
1.56894E+02 2.85017E-03 9.27905E-01 3.39168E+02 
1.64739E+02 2.78455E-03 9.17351E-01 3.37470E+02 
1.72583E+02 2.71696E-03 9.05950E-01 3.35547E+02 
1.80428E+02 2.64757E-03 8.93701E-01 3.33384E+02 
1.88273E+02 2.57655E-03 8.80607E-01 3.30970E+02 
1.96118E+02 2.50408E-03 8.66679E-01 3.28292E+02 
2.03962E+02 2.43036E-03 8.51930E-01 3.25341E+02 
2.11807E+02 2.35556E-03 8.36381E-01 3.22108E+02 
2.19652E+02 2.27989E-03 8.20055E-01 3.18586E+02 
2.27496E+02 2.20353E-03 8.02982E-01 3.14768E+02 
2.35341E+02 2.12667E-03 7.85196E-01 3.10652E+02 
2.43186E+02 2.04951E-03 7.66734E-01 3.06234E+02 
2.51030E+02 1.97224E-03 7.47640E-01 3.01516E+02 
2.58875E+02 1.89505E-03 7.27960E-01 2.96498E+02 
2.66720E+02 1.81812E-03 7.07745E-01 2.91185E+02 
2.74565E+02 1.74164E-03 6.87046E-01 2.85583E+02 
2.82409E+02 1.66579E-03 6.65921E-01 2.79699E+02 
2.90254E+02 1.59072E-03 6.44428E-01 2.73545E+02 
2.98099E+02 1.51661E-03 6.22628E-01 2.67132E+02 
3.05943E+02 1.44362E-03 6.00582E-01 2.60473E+02 
3.13788E+02 1.37192E-03 5.78369E-01 2.53590E+02 
3.21633E+02 1.30168E-03 5.56053E-01 2.46500E+02 
3.29477E+02 1.23301E-03 5.33698E-01 2.39222E+02 
3.37322E+02 1.16602E-03 5.11365E-01 2.31776E+02 
3.45167E+02 1.10082E-03 4.89115E-01 2.24184E+02 
3.53012E+02 1.03749E-03 4.67008E-01 2.16467E+02 
3.60856E+02 9.76114E-04 4.45103E-01 2.08648E+02 
3.68701E+02 9.16767E-04 4.23456E-01 2.00752E+02 
3.76546E+02 8.59504E-04 4.02121E-01 1.92802E+02 
3.84390E+02 8.04376E-04 3.81147E-01 1.84823E+02 
3.92235E+02 7.51418E-04 3.60584E-01 1.76838E+02 
4.00080E+02 7.00657E-04 3.40477E-01 1.68873E+02 
4.07924E+02 6.52109E-04 3.20865E-01 1.60950E+02 
4.15769E+02 6.05780E-04 3.01786E-01 1.53092E+02 
4.23614E+02 5.61667E-04 2.83273E-01 1.45323E+02 
4.31459E+02 5.19756E-04 2.65356E-01 1.37663E+02 
4.39303E+02 4.80026E-04 2.48060E-01 1.30133E+02 
4.47148E+02 4.42447E-04 2.31405E-01 1.22752E+02 
4.54993E+02 4.06982E-04 2.15409E-01 1.15537E+02 
4.62837E+02 3.73587E-04 2.00085E-01 1.08505E+02 
4.70682E+02 3.42212E-04 1.85442E-01 1.01671E+02 
4.78527E+02 3.12800E-04 1.71484E-01 9.50469E+01 
4.86371E+02 2.85292E-04 1.58214E-01 8.86452E+01 
4.94216E+02 2.59623E-04 1.45630E-01 8.24757E+01 
5.02061E+02 2.35725E-04 1.33726E-01 7.65464E+01 
5.09906E+02 2.13525E-04 1.22495E-01 7.08640E+01 
5.17750E+02 1.92953E-04 1.11925E-01 6.54334E+01 
5.25595E+02 1.73932E-04 1.02004E-01 6.02580E+01 
5.33440E+02 1.56388E-04 9.27146E-02 5.53396E+01 
5.41284E+02 1.40243E-04 8.40401E-02 5.06787E+01 
5.49129E+02 1.25423E-04 7.59609E-02 4.62742E+01 
5.56974E+02 1.11852E-04 6.84560E-02 4.21240E+01 
5.64818E+02 9.94546E-05 6.15033E-02 3.82246E+01 
5.72663E+02 8.81589E-05 5.50797E-02 3.45716E+01 
5.80508E+02 7.78931E-05 4.91612E-02 3.11594E+01 
5.88353E+02 6.85879E-05 4.37236E-02 2.79818E+01 
5.96197E+02 6.01761E-05 3.87420E-02 2.50316E+01 
6.04042E+02 5.25931E-05 3.41919E-02 2.23013E+01 
6.11887E+02 4.57770E-05 3.00484E-02 1.97824E+01 
6.19731E+02 3.96684E-05 2.62871E-02 1.74664E+01 
6.27576E+02 3.42110E-05 2.28840E-02 1.53443E+01 
6.35421E+02 2.93513E-05 1.98155E-02 1.34067E+01 
6.43265E+02 2.50389E-05 1.70587E-02 1.16444E+01 
6.51110E+02 2.12263E-05 1.45915E-02 1.00479E+01 
6.58955E+02 1.78690E-05 1.23927E-02 8.60772E+00 
6.66800E+02 1.49253E-05 1.04416E-02 7.31457E+00 
6.74644E+02 1.23564E-05 8.71887E-03 6.15924E+00 
6.82489E+02 1.01265E-05 7.20594E-03 5.13275E+00 
6.90334E+02 8.20224E-06 5.88527E-03 4.22635E+00 
6.98178E+02 6.55286E-06 4.74035E-03 3.43159E+00 
7.06023E+02 5.15014E-06 3.75566E-03 2.74033E+00 
7.13868E+02 3.96823E-06 2.91670E-03 2.14481E+00 
7.21712E+02 2.98349E-06 2.20998E-03 1.63762E+00 
7.29557E+02 2.17434E-06 1.62294E-03 1.21172E+00 
7.37402E+02 1.52124E-06 1.14400E-03 8.60489E-01 
7.45247E+02 1.00644E-06 7.62455E-04 5.77700E-01 
7.53091E+02 6.13943E-07 4.68484E-04 3.57521E-01 
7.60936E+02 3.29334E-07 2.53097E-04 1.94518E-01 
7.68781E+02 1.39661E-07 1.08083E-04 8.36461E-02 
7.76625E+02 3.33345E-08 2.59746E-05 2.02398E-02 
