100 2 
0.00000E+00 3.45927E-03 1.00000E+00 3.55295E+02 
7.96379E+00 3.45752E-03 9.99991E-01 3.55295E+02 
1.59276E+01 3.45227E-03 9.99926E-01 3.55294E+02 
2.38914E+01 3.44353E-03 9.99749E-01 3.55291E+02 
3.18552E+01 3.43132E-03 9.99407E-01 3.55281E+02 
3.98190E+01 3.41566E-03 9.98843E-01 3.55261E+02 
4.77827E+01 3.39657E-03 9.98005E-01 3.55224E+02 
5.57465E+01 3.37408E-03 9.96838E-01 3.55163E+02 
6.37103E+01 3.34824E-03 9.95293E-01 3.55071E+02 
7.16741E+01 3.31910E-03 9.93318E-01 3.54937E+02 
7.96379E+01 3.28671E-03 9.90865E-01 3.54751E+02 
8.76017E+01 3.25112E-03 9.87887E-01 3.54501E+02 
9.55655E+01 3.21242E-03 9.84340E-01 3.54176E+02 
1.03529E+02 3.17066E-03 9.80182E-01 3.53762E+02 
1.11493E+02 3.12595E-03 9.75373E-01 3.53244E+02 
1.19457E+02 3.07837E-03 9.69877E-01 3.52609E+02 
1.27421E+02 3.02802E-03 9.63659E-01 3.51841E+02 
1.35384E+02 2.97500E-03 9.56692E-01 3.50925E+02 
1.43348E+02 2.91945E-03 9.48947E-01 3.49845E+02 
1.51312E+02 2.86147E-03 9.40404E-01 3.48586E+02 
1.59276E+02 2.80121E-03 9.31045E-01 3.47132E+02 
1.67240E+02 2.73880E-03 9.20854E-01 3.45468E+02 
1.75203E+02 2.67439E-03 9.09825E-01 3.43579E+02 
1.83167E+02 2.60814E-03 8.97952E-01 3.41451E+02 
1.91131E+02 2.54020E-03 8.85236E-01 3.39071E+02 
1.99095E+02 2.47074E-03 8.71683E-01 3.36426E+02 
2.07059E+02 2.39994E-03 8.57304E-01 3.33505E+02 
2.15022E+02 2.32797E-03 8.42115E-01 3.30299E+02 
2.22986E+02 2.25501E-03 8.26135E-01 3.26799E+02 
2.30950E+02 2.18124E-03 8.09392E-01 3.22998E+02 
2.38914E+02 2.10685E-03 7.91916E-01 3.18892E+02 
2.46878E+02 2.03203E-03 7.73742E-01 3.14477E+02 
2.54841E+02 1.95696E-03 7.54909E-01 3.09752E+02 
2.62805E+02 1.88183E-03 7.35463E-01 3.04719E+02 
2.70769E+02 1.80681E-03 7.15451E-01 2.99380E+02 
2.78733E+02 1.73210E-03 6.94924E-01 2.93739E+02 
2.86696E+02 1.65787E-03 6.73937E-01 2.87806E+02 
2.94660E+02 1.58429E-03 6.52549E-01 2.81589E+02 
3.02624E+02 1.51157E-03 6.30833E-01 2.75103E+02 
3.10588E+02 1.43988E-03 6.08853E-01 2.68364E+02 
3.18552E+02 1.36935E-03 5.86669E-01 2.61385E+02 
3.26515E+02 1.30014E-03 5.64346E-01 2.54185E+02 
3.34479E+02 1.23236E-03 5.41946E-01 2.46782E+02 
3.42443E+02 1.16614E-03 5.19533E-01 2.39196E+02 
3.50407E+02 1.10158E-03 4.97170E-01 2.31449E+02 
3.58371E+02 1.03879E-03 4.74919E-01 2.23563E+02 
3.66334E+02 9.77852E-04 4.52840E-01 2.15563E+02 
3.74298E+02 9.18850E-04 4.30992E-01 2.07473E+02 
3.82262E+02 8.61850E-04 4.09431E-01 1.99317E+02 
3.90226E+02 8.06909E-04 3.88212E-01 1.91121E+02 
3.98190E+02 7.54071E-04 3.67384E-01 1.82911E+02 
4.06153E+02 7.03373E-04 3.46996E-01 1.74712E+02 
4.14117E+02 6.54836E-04 3.27091E-01 1.66549E+02 
4.22081E+02 6.08475E-04 3.07709E-01 1.58445E+02 
4.30045E+02 5.64293E-04 2.88886E-01 1.50426E+02 
4.38008E+02 5.22284E-04 2.70654E-01 1.42513E+02 
4.45972E+02 4.82432E-04 2.53041E-01 1.34729E+02 
4.53936E+02 4.44712E-04 2.36071E-01 1.27093E+02 
4.61900E+02 4.09092E-04 2.19761E-01 1.19626E+02 
4.69864E+02 3.75534E-04 2.04128E-01 1.12343E+02 
4.77827E+02 3.43990E-04 1.89183E-01 1.05261E+02 
4.85791E+02 3.14409E-04 1.74931E-01 9.83956E+01 
4.93755E+02 2.86732E-04 1.61377E-01 9.17576E+01 
5.01719E+02 2.60898E-04 1.48520E-01 8.53585E+01 
5.09683E+02 2.36841E-04 1.36355E-01 7.92073E+01 
5.17646E+02 2.14491E-04 1.24876E-01 7.33112E+01 
5.25610E+02 1.93776E-04 1.14072E-01 6.76759E+01 
5.33574E+02 1.74624E-04 1.03930E-01 6.23051E+01 
5.41538E+02 1.56958E-04 9.44343E-02 5.72012E+01 
5.49502E+02 1.40703E-04 8.55680E-02 5.23649E+01 
5.57465E+02 1.25784E-04 7.73113E-02 4.77953E+01 
5.65429E+02 1.12124E-04 6.96431E-02 4.34904E+01 
5.73393E+02 9.96503E-05 6.25409E-02 3.94467E+01 
5.81357E+02 8.82880E-05 5.59813E-02 3.56597E+01 
5.89320E+02 7.79654E-05 4.99397E-02 3.21237E+01 
5.97284E+02 6.86127E-05 4.43914E-02 2.88322E+01 
6.05248E+02 6.01621E-05 3.93109E-02 2.57777E+01 
6.13212E+02 5.25482E-05 3.46728E-02 2.29524E+01 
6.21176E+02 4.57083E-05 3.04517E-02 2.03474E+01 
6.29139E+02 3.95822E-05 2.66224E-02 1.79538E+01 
6.37103E+02 3.41130E-05 2.31602E-02 1.57619E+01 
6.45067E+02 2.92463E-05 2.00406E-02 1.37623E+01 
6.53031E+02 2.49311E-05 1.72401E-02 1.19448E+01 
6.60995E+02 2.11190E-05 1.47359E-02 1.02997E+01 
6.68958E+02 1.77651E-05 1.25059E-02 8.81699E+00 
6.76922E+02 1.48270E-05 1.05290E-02 7.48682E+00 
6.84886E+02 1.22654E-05 8.78508E-03 6.29951E+00 
6.92850E+02 1.00440E-05 7.25500E-03 5.24562E+00 
7.00814E+02 8.12887E-06 5.92068E-03 4.31595E+00 
7.08777E+02 6.48903E-06 4.76511E-03 3.50163E+00 
7.16741E+02 5.09589E-06 3.77229E-03 2.79409E+00 
7.24705E+02 3.92329E-06 2.92730E-03 2.18518E+00 
7.32669E+02 2.94734E-06 2.21626E-03 1.66714E+00 
7.40633E+02 2.14630E-06 1.62629E-03 1.23261E+00 
7.48596E+02 1.50044E-06 1.14547E-03 8.74651E-01 
7.56560E+02 9.91910E-07 7.62845E-04 5.86761E-01 
7.64524E+02 6.04620E-07 4.68369E-04 3.62855E-01 
7.72488E+02 3.24090E-07 2.52847E-04 1.97275E-01 
7.80451E+02 1.37337E-07 1.07897E-04 8.47700E-02 
7.88415E+02 3.27559E-08 2.59112E-05 2.04969E-02 
