200 2 
0.00000E+00 3.44945E-03 1.00000E+00 3.56148E+02 
7.99664E+00 3.44770E-03 9.99991E-01 3.56148E+02 
1.59530E+01 3.44251E-03 9.99926E-01 3.56147E+02 
2.38691E+01 3.43392E-03 9.99753E-01 3.56144E+02 
3.17448E+01 3.42201E-03 9.99420E-01 3.56134E+02 
3.95803E+01 3.40684E-03 9.98877E-01 3.56115E+02 
4.73756E+01 3.38850E-03 9.98077E-01 3.56080E+02 
5.51305E+01 3.36706E-03 9.96976E-01 3.56023E+02 
6.28451E+01 3.34260E-03 9.95531E-01 3.55938E+02 
7.05195E+01 3.31522E-03 9.93703E-01 3.55816E+02 
7.81535E+01 3.28501E-03 9.91456E-01 3.55648E+02 
8.57473E+01 3.25206E-03 9.88754E-01 3.55426E+02 
9.33008E+01 3.21648E-03 9.85567E-01 3.55141E+02 
1.00814E+02 3.17838E-03 9.81867E-01 3.54781E+02 
1.08287E+02 3.13785E-03 9.77629E-01 3.54338E+02 
1.15720E+02 3.09503E-03 9.72831E-01 3.53800E+02 
1.23112E+02 3.05002E-03 9.67454E-01 3.53158E+02 
1.30464E+02 3.00294E-03 9.61483E-01 3.52400E+02 
1.37776E+02 2.95391E-03 9.54907E-01 3.51518E+02 
1.45047E+02 2.90307E-03 9.47716E-01 3.50501E+02 
1.52279E+02 2.85053E-03 9.39905E-01 3.49339E+02 
1.59469E+02 2.79644E-03 9.31472E-01 3.48024E+02 
1.66620E+02 2.74092E-03 9.22418E-01 3.46548E+02 
1.73730E+02 2.68410E-03 9.12748E-01 3.44902E+02 
1.80801E+02 2.62612E-03 9.02469E-01 3.43079E+02 
1.87830E+02 2.56711E-03 8.91592E-01 3.41074E+02 
1.94820E+02 2.50720E-03 8.80130E-01 3.38880E+02 
2.01769E+02 2.44653E-03 8.68099E-01 3.36494E+02 
2.08678E+02 2.38524E-03 8.55519E-01 3.33912E+02 
2.15547E+02 2.32344E-03 8.42411E-01 3.31132E+02 
2.22375E+02 2.26127E-03 8.28799E-01 3.28151E+02 
2.29163E+02 2.19886E-03 8.14708E-01 3.24969E+02 
2.35911E+02 2.13633E-03 8.00166E-01 3.21587E+02 
2.42618E+02 2.07380E-03 7.85204E-01 3.18007E+02 
2.49286E+02 2.01138E-03 7.69852E-01 3.14231E+02 
2.55913E+02 1.94919E-03 7.54142E-01 3.10263E+02 
2.62499E+02 1.88733E-03 7.38109E-01 3.06106E+02 
2.69046E+02 1.82591E-03 7.21785E-01 3.01768E+02 
2.75552E+02 1.76503E-03 7.05207E-01 2.97253E+02 
2.82017E+02 1.70477E-03 6.88408E-01 2.92570E+02 
2.88443E+02 1.64523E-03 6.71426E-01 2.87726E+02 
2.94828E+02 1.58650E-03 6.54298E-01 2.82731E+02 
3.01173E+02 1.52868E-03 6.37067E-01 2.77596E+02 
3.07478E+02 1.47183E-03 6.19768E-01 2.72331E+02 
3.13742E+02 1.41602E-03 6.02433E-01 2.66947E+02 
3.19966E+02 1.36130E-03 5.85096E-01 2.61453E+02 
3.26150E+02 1.30773E-03 5.67789E-01 2.55862E+02 
3.32294E+02 1.25534E-03 5.50542E-01 2.50184E+02 
3.38397E+02 1.20418E-03 5.33386E-01 2.44431E+02 
3.44460E+02 1.15428E-03 5.16348E-01 2.38614E+02 
3.50482E+02 1.10566E-03 4.99456E-01 2.32744E+02 
3.56465E+02 1.05836E-03 4.82737E-01 2.26834E+02 
3.62407E+02 1.01239E-03 4.66213E-01 2.20895E+02 
3.68309E+02 9.67761E-04 4.49909E-01 2.14938E+02 
3.74170E+02 9.24488E-04 4.33845E-01 2.08975E+02 
3.79991E+02 8.82575E-04 4.18040E-01 2.03015E+02 
3.85772E+02 8.42022E-04 4.02514E-01 1.97071E+02 
3.91513E+02 8.02826E-04 3.87282E-01 1.91151E+02 
3.97213E+02 7.64983E-04 3.72358E-01 1.85266E+02 
4.02873E+02 7.28481E-04 3.57756E-01 1.79424E+02 
4.08493E+02 6.93308E-04 3.43487E-01 1.73636E+02 
4.14073E+02 6.59448E-04 3.29562E-01 1.67909E+02 
4.19612E+02 6.26884E-04 3.15988E-01 1.62251E+02 
4.25111E+02 5.95593E-04 3.02773E-01 1.56669E+02 
4.30570E+02 5.65555E-04 2.89922E-01 1.51171E+02 
4.35988E+02 5.36743E-04 2.77438E-01 1.45762E+02 
4.41366E+02 5.09130E-04 2.65326E-01 1.40449E+02 
4.46704E+02 4.82691E-04 2.53586E-01 1.35236E+02 
4.52001E+02 4.57394E-04 2.42220E-01 1.30129E+02 
4.57259E+02 4.33210E-04 2.31225E-01 1.25131E+02 
4.62476E+02 4.10108E-04 2.20602E-01 1.20245E+02 
4.67652E+02 3.88056E-04 2.10346E-01 1.15476E+02 
4.72789E+02 3.67021E-04 2.00456E-01 1.10825E+02 
4.77885E+02 3.46971E-04 1.90926E-01 1.06296E+02 
4.82941E+02 3.27874E-04 1.81751E-01 1.01888E+02 
4.87956E+02 3.09695E-04 1.72927E-01 9.76045E+01 
4.92931E+02 2.92403E-04 1.64446E-01 9.34454E+01 
4.97866E+02 2.75964E-04 1.56303E-01 8.94112E+01 
5.02761E+02 2.60346E-04 1.48489E-01 8.55021E+01 
5.07615E+02 2.45517E-04 1.40998E-01 8.17177E+01 
5.12429E+02 2.31445E-04 1.33821E-01 7.80576E+01 
5.17203E+02 2.18100E-04 1.26951E-01 7.45207E+01 
5.21937E+02 2.05450E-04 1.20379E-01 7.11060E+01 
5.26630E+02 1.93465E-04 1.14096E-01 6.78121E+01 
5.31283E+02 1.82118E-04 1.08094E-01 6.46373E+01 
5.35896E+02 1.71378E-04 1.02363E-01 6.15797E+01 
5.40468E+02 1.61219E-04 9.68959E-02 5.86373E+01 
5.45000E+02 1.51613E-04 9.16827E-02 5.58081E+01 
5.49492E+02 1.42535E-04 8.67149E-02 5.30895E+01 
5.53943E+02 1.33959E-04 8.19836E-02 5.04792E+01 
5.58355E+02 1.25861E-04 7.74801E-02 4.79747E+01 
5.62726E+02 1.18218E-04 7.31958E-02 4.55732E+01 
5.67056E+02 1.11006E-04 6.91222E-02 4.32721E+01 
5.71347E+02 1.04205E-04 6.52508E-02 4.10686E+01 
5.75597E+02 9.77922E-05 6.15735E-02 3.89599E+01 
5.79807E+02 9.17488E-05 5.80824E-02 3.69431E+01 
5.83976E+02 8.60551E-05 5.47694E-02 3.50153E+01 
5.88105E+02 8.06927E-05 5.16269E-02 3.31737E+01 
5.92194E+02 7.56441E-05 4.86476E-02 3.14155E+01 
5.96243E+02 7.08923E-05 4.58240E-02 2.97378E+01 
6.00251E+02 6.64213E-05 4.31493E-02 2.81377E+01 
6.04220E+02 6.22157E-05 4.06166E-02 2.66124E+01 
6.08147E+02 5.82608E-05 3.82193E-02 2.51593E+01 
6.12035E+02 5.45429E-05 3.59511E-02 2.37755E+01 
6.15882E+02 5.10485E-05 3.38058E-02 2.24583E+01 
6.19689E+02 4.77652E-05 3.17774E-02 2.12053E+01 
6.23456E+02 4.46810E-05 2.98604E-02 2.00138E+01 
6.27182E+02 4.17845E-05 2.80492E-02 1.88812E+01 
6.30868E+02 3.90649E-05 2.63386E-02 1.78052E+01 
6.34514E+02 3.65122E-05 2.47235E-02 1.67834E+01 
6.38120E+02 3.41165E-05 2.31992E-02 1.58134E+01 
6.41685E+02 3.18688E-05 2.17609E-02 1.48931E+01 
6.45210E+02 2.97604E-05 2.04043E-02 1.40202E+01 
6.48695E+02 2.77830E-05 1.91250E-02 1.31926E+01 
6.52139E+02 2.59290E-05 1.79192E-02 1.24083E+01 
6.55543E+02 2.41911E-05 1.67829E-02 1.16654E+01 
6.58907E+02 2.25623E-05 1.57124E-02 1.09619E+01 
6.62230E+02 2.10361E-05 1.47043E-02 1.02959E+01 
6.65514E+02 1.96064E-05 1.37552E-02 9.66585E+00 
6.68757E+02 1.82673E-05 1.28618E-02 9.06990E+00 
6.71959E+02 1.70134E-05 1.20213E-02 8.50646E+00 
6.75122E+02 1.58396E-05 1.12307E-02 7.97396E+00 
6.78244E+02 1.47409E-05 1.04873E-02 7.47090E+00 
6.81326E+02 1.37129E-05 9.78843E-03 6.99585E+00 
6.84367E+02 1.27511E-05 9.13171E-03 6.54741E+00 
6.87369E+02 1.18516E-05 8.51476E-03 6.12428E+00 
6.90329E+02 1.10105E-05 7.93539E-03 5.72519E+00 
6.93250E+02 1.02242E-05 7.39147E-03 5.34891E+00 
6.96131E+02 9.48942E-06 6.88102E-03 4.99431E+00 
6.98971E+02 8.80289E-06 6.40213E-03 4.66027E+00 
7.01771E+02 8.16166E-06 5.95304E-03 4.34575E+00 
7.04530E+02 7.56291E-06 5.53204E-03 4.04973E+00 
7.07249E+02 7.00399E-06 5.13751E-03 3.77124E+00 
7.09928E+02 6.48245E-06 4.76796E-03 3.50938E+00 
7.12567E+02 5.99594E-06 4.42194E-03 3.26328E+00 
7.15165E+02 5.54226E-06 4.09808E-03 3.03209E+00 
7.17724E+02 5.11938E-06 3.79511E-03 2.81503E+00 
7.20241E+02 4.72535E-06 3.51182E-03 2.61135E+00 
7.22719E+02 4.35835E-06 3.24704E-03 2.42032E+00 
7.25156E+02 4.01669E-06 2.99970E-03 2.24127E+00 
7.27553E+02 3.69875E-06 2.76877E-03 2.07353E+00 
7.29910E+02 3.40304E-06 2.55327E-03 1.91650E+00 
7.32226E+02 3.12813E-06 2.35230E-03 1.76958E+00 
7.34502E+02 2.87272E-06 2.16499E-03 1.63221E+00 
7.36738E+02 2.63554E-06 1.99052E-03 1.50387E+00 
7.38934E+02 2.41543E-06 1.82812E-03 1.38404E+00 
7.41089E+02 2.21130E-06 1.67706E-03 1.27226E+00 
7.43204E+02 2.02210E-06 1.53665E-03 1.16806E+00 
7.45279E+02 1.84688E-06 1.40625E-03 1.07100E+00 
7.47313E+02 1.68472E-06 1.28523E-03 9.80693E-01 
7.49307E+02 1.53477E-06 1.17302E-03 8.96726E-01 
7.51261E+02 1.39622E-06 1.06907E-03 8.18737E-01 
7.53175E+02 1.26833E-06 9.72873E-04 7.46374E-01 
7.55048E+02 1.15039E-06 8.83934E-04 6.79304E-01 
7.56881E+02 1.04173E-06 8.01789E-04 6.17207E-01 
7.58674E+02 9.41728E-07 7.26012E-04 5.59785E-01 
7.60426E+02 8.49798E-07 6.56188E-04 5.06751E-01 
7.62138E+02 7.65394E-07 5.91933E-04 4.57835E-01 
7.63810E+02 6.87994E-07 5.32880E-04 4.12780E-01 
7.65441E+02 6.17119E-07 4.78688E-04 3.71343E-01 
7.67033E+02 5.52308E-07 4.29027E-04 3.33292E-01 
7.68584E+02 4.93137E-07 3.83596E-04 2.98410E-01 
7.70094E+02 4.39204E-07 3.42104E-04 2.66489E-01 
7.71565E+02 3.90130E-07 3.04276E-04 2.37331E-01 
7.72995E+02 3.45559E-07 2.69856E-04 2.10749E-01 
7.74385E+02 3.05163E-07 2.38602E-04 1.86568E-01 
7.75734E+02 2.68628E-07 2.10286E-04 1.64621E-01 
7.77044E+02 2.35660E-07 1.84690E-04 1.44749E-01 
7.78313E+02 2.05985E-07 1.61612E-04 1.26803E-01 
7.79541E+02 1.79344E-07 1.40861E-04 1.10639E-01 
7.80730E+02 1.55495E-07 1.22256E-04 9.61246E-02 
7.81878E+02 1.34211E-07 1.05627E-04 8.31326E-02 
7.82986E+02 1.15280E-07 9.08148E-05 7.15430E-02 
7.84053E+02 9.85014E-08 7.76686E-05 6.12429E-02 
7.85081E+02 8.36888E-08 6.60472E-05 5.21252E-02 
7.86068E+02 7.06672E-08 5.58179E-05 4.40894E-02 
7.87014E+02 5.92731E-08 4.68560E-05 3.70406E-02 
7.87921E+02 4.93533E-08 3.90446E-05 3.08894E-02 
7.88787E+02 4.07656E-08 3.22745E-05 2.55522E-02 
7.89613E+02 3.33755E-08 2.64423E-05 2.09495E-02 
7.90398E+02 2.70594E-08 2.14526E-05 1.70076E-02 
7.91143E+02 2.17021E-08 1.72163E-05 1.36577E-02 
7.91849E+02 1.71954E-08 1.36493E-05 1.08344E-02 
7.92513E+02 1.34402E-08 1.06745E-05 8.47788E-03 
7.93138E+02 1.03446E-08 8.22020E-06 6.53210E-03 
7.93722E+02 7.82301E-09 6.21953E-06 4.94472E-03 
7.94266E+02 5.79783E-09 4.61156E-06 3.66802E-03 
7.94769E+02 4.19695E-09 3.33965E-06 2.65747E-03 
7.95232E+02 2.95540E-09 2.35262E-06 1.87279E-03 
7.95655E+02 2.01367E-09 1.60353E-06 1.27693E-03 
7.96038E+02 1.31817E-09 1.05003E-06 8.36436E-04 
7.96381E+02 8.21314E-10 6.54431E-07 5.21457E-04 
7.96683E+02 4.80612E-10 3.83053E-07 3.05297E-04 
7.96945E+02 2.59041E-10 2.06504E-07 1.64622E-04 
7.97166E+02 1.24743E-10 9.94620E-08 7.93045E-05 
7.97347E+02 5.10420E-11 4.07037E-08 3.24594E-05 
7.97488E+02 1.61374E-11 1.28704E-08 1.02647E-05 
7.97589E+02 3.18609E-12 2.54128E-09 2.02696E-06 
7.97650E+02 1.99167E-13 1.58867E-10 1.26721E-07 
7.97670E+02 9.10628E-20 0.00000E+00 -3.53470E-14 
