100 2 
0.00000E+00 3.50930E-03 1.00000E+00 3.51007E+02 
7.89821E+00 3.50748E-03 9.99990E-01 3.51007E+02 
1.57964E+01 3.50201E-03 9.99923E-01 3.51006E+02 
2.36946E+01 3.49290E-03 9.99741E-01 3.51002E+02 
3.15929E+01 3.48019E-03 9.99387E-01 3.50992E+02 
3.94911E+01 3.46388E-03 9.98805E-01 3.50971E+02 
4.73893E+01 3.44400E-03 9.97940E-01 3.50934E+02 
5.52875E+01 3.42061E-03 9.96736E-01 3.50872E+02 
6.31857E+01 3.39375E-03 9.95143E-01 3.50777E+02 
7.10839E+01 3.36346E-03 9.93107E-01 3.50640E+02 
7.89821E+01 3.32982E-03 9.90580E-01 3.50450E+02 
8.68804E+01 3.29288E-03 9.87515E-01 3.50195E+02 
9.47786E+01 3.25274E-03 9.83867E-01 3.49864E+02 
1.02677E+02 3.20947E-03 9.79593E-01 3.49441E+02 
1.10575E+02 3.16317E-03 9.74655E-01 3.48914E+02 
1.18473E+02 3.11395E-03 9.69016E-01 3.48268E+02 
1.26371E+02 3.06191E-03 9.62643E-01 3.47487E+02 
1.34270E+02 3.00717E-03 9.55507E-01 3.46557E+02 
1.42168E+02 2.94986E-03 9.47585E-01 3.45461E+02 
1.50066E+02 2.89012E-03 9.38853E-01 3.44185E+02 
1.57964E+02 2.82808E-03 9.29297E-01 3.42713E+02 
1.65863E+02 2.76390E-03 9.18904E-01 3.41029E+02 
1.73761E+02 2.69773E-03 9.07668E-01 3.39121E+02 
1.81659E+02 2.62975E-03 8.95584E-01 3.36973E+02 
1.89557E+02 2.56011E-03 8.82658E-01 3.34573E+02 
1.97455E+02 2.48899E-03 8.68895E-01 3.31909E+02 
2.05354E+02 2.41658E-03 8.54310E-01 3.28971E+02 
2.13252E+02 2.34305E-03 8.38919E-01 3.25749E+02 
2.21150E+02 2.26859E-03 8.22746E-01 3.22236E+02 
2.29048E+02 2.19339E-03 8.05818E-01 3.18425E+02 
2.36946E+02 2.11763E-03 7.88168E-01 3.14312E+02 
2.44845E+02 2.04152E-03 7.69833E-01 3.09895E+02 
2.52743E+02 1.96524E-03 7.50853E-01 3.05173E+02 
2.60641E+02 1.88897E-03 7.31276E-01 3.00147E+02 
2.68539E+02 1.81290E-03 7.11149E-01 2.94821E+02 
2.76438E+02 1.73721E-03 6.90525E-01 2.89201E+02 
2.84336E+02 1.66208E-03 6.69460E-01 2.83294E+02 
2.92234E+02 1.58768E-03 6.48012E-01 2.77111E+02 
3.00132E+02 1.51417E-03 6.26241E-01 2.70663E+02 
3.08030E+02 1.44176E-03 6.04222E-01 2.63967E+02 
3.15929E+02 1.37060E-03 5.82022E-01 2.57041E+02 
3.23827E+02 1.30082E-03 5.59703E-01 2.49901E+02 
3.31725E+02 1.23256E-03 5.37328E-01 2.42568E+02 
3.39623E+02 1.16592E-03 5.14960E-01 2.35059E+02 
3.47521E+02 1.10101E-03 4.92660E-01 2.27398E+02 
3.55420E+02 1.03792E-03 4.70490E-01 2.19605E+02 
3.63318E+02 9.76753E-04 4.48508E-01 2.11706E+02 
3.71216E+02 9.17566E-04 4.26772E-01 2.03723E+02 
3.79114E+02 8.60427E-04 4.05337E-01 1.95682E+02 
3.87013E+02 8.05388E-04 3.84254E-01 1.87606E+02 
3.94911E+02 7.52489E-04 3.63575E-01 1.79521E+02 
4.02809E+02 7.01762E-04 3.43343E-01 1.71452E+02 
4.10707E+02 6.53225E-04 3.23601E-01 1.63422E+02 
4.18605E+02 6.06887E-04 3.04389E-01 1.55456E+02 
4.26504E+02 5.62748E-04 2.85739E-01 1.47576E+02 
4.34402E+02 5.20799E-04 2.67683E-01 1.39804E+02 
4.42300E+02 4.81019E-04 2.50247E-01 1.32161E+02 
4.50198E+02 4.43382E-04 2.33453E-01 1.24668E+02 
4.58096E+02 4.07853E-04 2.17319E-01 1.17341E+02 
4.65995E+02 3.74390E-04 2.01859E-01 1.10198E+02 
4.73893E+02 3.42944E-04 1.87082E-01 1.03254E+02 
4.81791E+02 3.13461E-04 1.72996E-01 9.65234E+01 
4.89689E+02 2.85882E-04 1.59600E-01 9.00173E+01 
4.97587E+02 2.60143E-04 1.46896E-01 8.37464E+01 
5.05486E+02 2.36177E-04 1.34878E-01 7.77191E+01 
5.13384E+02 2.13915E-04 1.23537E-01 7.19424E+01 
5.21282E+02 1.93282E-04 1.12864E-01 6.64214E+01 
5.29180E+02 1.74206E-04 1.02846E-01 6.11598E+01 
5.37079E+02 1.56610E-04 9.34660E-02 5.61596E+01 
5.44977E+02 1.40419E-04 8.47073E-02 5.14212E+01 
5.52875E+02 1.25558E-04 7.65502E-02 4.69440E+01 
5.60773E+02 1.11950E-04 6.89736E-02 4.27255E+01 
5.68671E+02 9.95205E-05 6.19554E-02 3.87626E+01 
5.76570E+02 8.81972E-05 5.54721E-02 3.50505E+01 
5.84468E+02 7.79081E-05 4.94998E-02 3.15837E+01 
5.92366E+02 6.85835E-05 4.40137E-02 2.83559E+01 
6.00264E+02 6.01562E-05 3.89889E-02 2.53598E+01 
6.08163E+02 5.25609E-05 3.44003E-02 2.25876E+01 
6.16061E+02 4.57356E-05 3.02229E-02 2.00309E+01 
6.23959E+02 3.96205E-05 2.64319E-02 1.76807E+01 
6.31857E+02 3.41590E-05 2.30030E-02 1.55279E+01 
6.39755E+02 2.92973E-05 1.99123E-02 1.35630E+01 
6.47654E+02 2.49846E-05 1.71365E-02 1.17764E+01 
6.55552E+02 2.11731E-05 1.46532E-02 1.01585E+01 
6.63450E+02 1.78181E-05 1.24409E-02 8.69960E+00 
6.71348E+02 1.48776E-05 1.04786E-02 7.39017E+00 
6.79246E+02 1.23126E-05 8.74676E-03 6.22078E+00 
6.87145E+02 1.00870E-05 7.22646E-03 5.18225E+00 
6.95043E+02 8.16728E-06 5.89995E-03 4.26562E+00 
7.02941E+02 6.52256E-06 4.75047E-03 3.46226E+00 
7.10839E+02 5.12449E-06 3.76234E-03 2.76387E+00 
7.18737E+02 3.94706E-06 2.92086E-03 2.16248E+00 
7.26636E+02 2.96649E-06 2.21234E-03 1.65052E+00 
7.34534E+02 2.16119E-06 1.62411E-03 1.22084E+00 
7.42432E+02 1.51150E-06 1.14442E-03 8.66671E-01 
7.50330E+02 9.99650E-07 7.62473E-04 5.81651E-01 
7.58229E+02 6.09595E-07 4.68337E-04 3.59845E-01 
7.66127E+02 3.26892E-07 2.52933E-04 1.95718E-01 
7.74025E+02 1.38580E-07 1.07977E-04 8.41343E-02 
7.81923E+02 3.30656E-08 2.59408E-05 2.03513E-02 
