100 2 
0.00000E+00 3.46467E-03 1.00000E+00 3.54828E+02 
7.95670E+00 3.46291E-03 9.99991E-01 3.54828E+02 
1.59134E+01 3.45764E-03 9.99925E-01 3.54827E+02 
2.38701E+01 3.44886E-03 9.99749E-01 3.54824E+02 
3.18268E+01 3.43659E-03 9.99405E-01 3.54814E+02 
3.97835E+01 3.42086E-03 9.98839E-01 3.54794E+02 
4.77402E+01 3.40168E-03 9.97997E-01 3.54757E+02 
5.56969E+01 3.37910E-03 9.96827E-01 3.54696E+02 
6.36536E+01 3.35315E-03 9.95277E-01 3.54603E+02 
7.16103E+01 3.32389E-03 9.93295E-01 3.54469E+02 
7.95670E+01 3.29136E-03 9.90834E-01 3.54283E+02 
8.75238E+01 3.25563E-03 9.87847E-01 3.54033E+02 
9.54805E+01 3.21676E-03 9.84289E-01 3.53707E+02 
1.03437E+02 3.17485E-03 9.80118E-01 3.53291E+02 
1.11394E+02 3.12996E-03 9.75295E-01 3.52773E+02 
1.19351E+02 3.08220E-03 9.69783E-01 3.52136E+02 
1.27307E+02 3.03167E-03 9.63548E-01 3.51367E+02 
1.35264E+02 2.97847E-03 9.56563E-01 3.50449E+02 
1.43221E+02 2.92272E-03 9.48799E-01 3.49368E+02 
1.51177E+02 2.86456E-03 9.40235E-01 3.48107E+02 
1.59134E+02 2.80410E-03 9.30854E-01 3.46651E+02 
1.67091E+02 2.74150E-03 9.20641E-01 3.44984E+02 
1.75048E+02 2.67690E-03 9.09589E-01 3.43093E+02 
1.83004E+02 2.61046E-03 8.97693E-01 3.40963E+02 
1.90961E+02 2.54234E-03 8.84954E-01 3.38580E+02 
1.98918E+02 2.47270E-03 8.71379E-01 3.35933E+02 
2.06874E+02 2.40172E-03 8.56977E-01 3.33011E+02 
2.14831E+02 2.32958E-03 8.41765E-01 3.29803E+02 
2.22788E+02 2.25646E-03 8.25765E-01 3.26301E+02 
2.30744E+02 2.18254E-03 8.09001E-01 3.22499E+02 
2.38701E+02 2.10800E-03 7.91506E-01 3.18392E+02 
2.46658E+02 2.03304E-03 7.73314E-01 3.13977E+02 
2.54615E+02 1.95784E-03 7.54465E-01 3.09252E+02 
2.62571E+02 1.88258E-03 7.35004E-01 3.04220E+02 
2.70528E+02 1.80746E-03 7.14979E-01 2.98882E+02 
2.78485E+02 1.73264E-03 6.94442E-01 2.93244E+02 
2.86441E+02 1.65831E-03 6.73446E-01 2.87313E+02 
2.94398E+02 1.58464E-03 6.52051E-01 2.81099E+02 
3.02355E+02 1.51183E-03 6.30328E-01 2.74617E+02 
3.10311E+02 1.44006E-03 6.08344E-01 2.67882E+02 
3.18268E+02 1.36947E-03 5.86158E-01 2.60910E+02 
3.26225E+02 1.30019E-03 5.63836E-01 2.53716E+02 
3.34182E+02 1.23236E-03 5.41438E-01 2.46321E+02 
3.42138E+02 1.16610E-03 5.19030E-01 2.38743E+02 
3.50095E+02 1.10150E-03 4.96674E-01 2.31005E+02 
3.58052E+02 1.03868E-03 4.74432E-01 2.23130E+02 
3.66008E+02 9.77717E-04 4.52363E-01 2.15141E+02 
3.73965E+02 9.18696E-04 4.30528E-01 2.07062E+02 
3.81922E+02 8.61682E-04 4.08981E-01 1.98919E+02 
3.89879E+02 8.06730E-04 3.87776E-01 1.90736E+02 
3.97835E+02 7.53887E-04 3.66965E-01 1.82540E+02 
4.05792E+02 7.03186E-04 3.46594E-01 1.74355E+02 
4.13749E+02 6.54650E-04 3.26707E-01 1.66206E+02 
4.21705E+02 6.08292E-04 3.07343E-01 1.58117E+02 
4.29662E+02 5.64115E-04 2.88539E-01 1.50113E+02 
4.37619E+02 5.22113E-04 2.70327E-01 1.42216E+02 
4.45575E+02 4.82269E-04 2.52733E-01 1.34447E+02 
4.53532E+02 4.44559E-04 2.35782E-01 1.26827E+02 
4.61489E+02 4.08950E-04 2.19492E-01 1.19375E+02 
4.69446E+02 3.75402E-04 2.03878E-01 1.12107E+02 
4.77402E+02 3.43870E-04 1.88951E-01 1.05041E+02 
4.85359E+02 3.14299E-04 1.74718E-01 9.81899E+01 
4.93316E+02 2.86634E-04 1.61181E-01 9.15665E+01 
5.01272E+02 2.60811E-04 1.48341E-01 8.51814E+01 
5.09229E+02 2.36764E-04 1.36192E-01 7.90438E+01 
5.17186E+02 2.14424E-04 1.24728E-01 7.31608E+01 
5.25143E+02 1.93718E-04 1.13938E-01 6.75380E+01 
5.33099E+02 1.74574E-04 1.03810E-01 6.21792E+01 
5.41056E+02 1.56916E-04 9.43272E-02 5.70867E+01 
5.49013E+02 1.40669E-04 8.54727E-02 5.22611E+01 
5.56969E+02 1.25756E-04 7.72270E-02 4.77017E+01 
5.64926E+02 1.12103E-04 6.95689E-02 4.34063E+01 
5.72883E+02 9.96337E-05 6.24760E-02 3.93715E+01 
5.80839E+02 8.82759E-05 5.59248E-02 3.55927E+01 
5.88796E+02 7.79572E-05 4.98909E-02 3.20643E+01 
5.96753E+02 6.86077E-05 4.43494E-02 2.87798E+01 
6.04710E+02 6.01599E-05 3.92751E-02 2.57318E+01 
6.12666E+02 5.25482E-05 3.46425E-02 2.29122E+01 
6.20623E+02 4.57100E-05 3.04262E-02 2.03126E+01 
6.28580E+02 3.95853E-05 2.66012E-02 1.79237E+01 
6.36536E+02 3.41170E-05 2.31426E-02 1.57362E+01 
6.44493E+02 2.92511E-05 2.00262E-02 1.37403E+01 
6.52450E+02 2.49362E-05 1.72285E-02 1.19263E+01 
6.60406E+02 2.11243E-05 1.47266E-02 1.02842E+01 
6.68363E+02 1.77703E-05 1.24986E-02 8.80406E+00 
6.76320E+02 1.48320E-05 1.05233E-02 7.47616E+00 
6.84277E+02 1.22702E-05 8.78072E-03 6.29083E+00 
6.92233E+02 1.00484E-05 7.25174E-03 5.23864E+00 
7.00190E+02 8.13279E-06 5.91830E-03 4.31040E+00 
7.08147E+02 6.49247E-06 4.76341E-03 3.49728E+00 
7.16103E+02 5.09884E-06 3.77112E-03 2.79075E+00 
7.24060E+02 3.92574E-06 2.92654E-03 2.18267E+00 
7.32017E+02 2.94932E-06 2.21578E-03 1.66530E+00 
7.39974E+02 2.14784E-06 1.62601E-03 1.23131E+00 
7.47930E+02 1.50159E-06 1.14532E-03 8.73767E-01 
7.55887E+02 9.92719E-07 7.62788E-04 5.86196E-01 
7.63844E+02 6.05140E-07 4.68356E-04 3.62522E-01 
7.71800E+02 3.24382E-07 2.52850E-04 1.97102E-01 
7.79757E+02 1.37467E-07 1.07903E-04 8.46995E-02 
7.87714E+02 3.27884E-08 2.59138E-05 2.04807E-02 
