100 2 
0.00000E+00 3.57395E-03 1.00000E+00 3.45594E+02 
7.81376E+00 3.57204E-03 9.99990E-01 3.45594E+02 
1.56275E+01 3.56628E-03 9.99920E-01 3.45593E+02 
2.34413E+01 3.55671E-03 9.99731E-01 3.45590E+02 
3.12550E+01 3.54334E-03 9.99363E-01 3.45579E+02 
3.90688E+01 3.52620E-03 9.98757E-01 3.45558E+02 
4.68826E+01 3.50533E-03 9.97858E-01 3.45519E+02 
5.46963E+01 3.48077E-03 9.96608E-01 3.45455E+02 
6.25101E+01 3.45258E-03 9.94954E-01 3.45358E+02 
7.03238E+01 3.42083E-03 9.92842E-01 3.45218E+02 
7.81376E+01 3.38558E-03 9.90224E-01 3.45023E+02 
8.59514E+01 3.34691E-03 9.87049E-01 3.44762E+02 
9.37651E+01 3.30492E-03 9.83274E-01 3.44422E+02 
1.01579E+02 3.25971E-03 9.78856E-01 3.43990E+02 
1.09393E+02 3.21138E-03 9.73756E-01 3.43452E+02 
1.17206E+02 3.16005E-03 9.67938E-01 3.42792E+02 
1.25020E+02 3.10584E-03 9.61371E-01 3.41997E+02 
1.32834E+02 3.04889E-03 9.54027E-01 3.41049E+02 
1.40648E+02 2.98933E-03 9.45881E-01 3.39935E+02 
1.48461E+02 2.92732E-03 9.36916E-01 3.38638E+02 
1.56275E+02 2.86301E-03 9.27115E-01 3.37144E+02 
1.64089E+02 2.79657E-03 9.16471E-01 3.35439E+02 
1.71903E+02 2.72815E-03 9.04977E-01 3.33507E+02 
1.79716E+02 2.65795E-03 8.92633E-01 3.31337E+02 
1.87530E+02 2.58614E-03 8.79445E-01 3.28914E+02 
1.95344E+02 2.51290E-03 8.65424E-01 3.26230E+02 
2.03158E+02 2.43842E-03 8.50583E-01 3.23272E+02 
2.10972E+02 2.36290E-03 8.34944E-01 3.20033E+02 
2.18785E+02 2.28652E-03 8.18533E-01 3.16506E+02 
2.26599E+02 2.20949E-03 8.01378E-01 3.12686E+02 
2.34413E+02 2.13200E-03 7.83515E-01 3.08568E+02 
2.42227E+02 2.05424E-03 7.64983E-01 3.04151E+02 
2.50040E+02 1.97640E-03 7.45825E-01 2.99435E+02 
2.57854E+02 1.89868E-03 7.26088E-01 2.94422E+02 
2.65668E+02 1.82126E-03 7.05823E-01 2.89117E+02 
2.73482E+02 1.74432E-03 6.85083E-01 2.83526E+02 
2.81295E+02 1.66805E-03 6.63925E-01 2.77657E+02 
2.89109E+02 1.59260E-03 6.42408E-01 2.71520E+02 
2.96923E+02 1.51814E-03 6.20591E-01 2.65127E+02 
3.04737E+02 1.44483E-03 5.98538E-01 2.58493E+02 
3.12550E+02 1.37283E-03 5.76317E-01 2.51634E+02 
3.20364E+02 1.30231E-03 5.54003E-01 2.44573E+02 
3.28178E+02 1.23340E-03 5.31658E-01 2.37327E+02 
3.35992E+02 1.16621E-03 5.09345E-01 2.29917E+02 
3.43805E+02 1.10083E-03 4.87123E-01 2.22364E+02 
3.51619E+02 1.03735E-03 4.65053E-01 2.14690E+02 
3.59433E+02 9.75858E-04 4.43191E-01 2.06918E+02 
3.67247E+02 9.16413E-04 4.21594E-01 1.99071E+02 
3.75060E+02 8.59076E-04 4.00315E-01 1.91173E+02 
3.82874E+02 8.03891E-04 3.79403E-01 1.83249E+02 
3.90688E+02 7.50894E-04 3.58906E-01 1.75321E+02 
3.98502E+02 7.00110E-04 3.38868E-01 1.67415E+02 
4.06316E+02 6.51551E-04 3.19329E-01 1.59552E+02 
4.14129E+02 6.05223E-04 3.00326E-01 1.51757E+02 
4.21943E+02 5.61120E-04 2.81891E-01 1.44051E+02 
4.29757E+02 5.19227E-04 2.64052E-01 1.36455E+02 
4.37571E+02 4.79521E-04 2.46834E-01 1.28989E+02 
4.45384E+02 4.41971E-04 2.30258E-01 1.21671E+02 
4.53198E+02 4.06539E-04 2.14340E-01 1.14520E+02 
4.61012E+02 3.73180E-04 1.99093E-01 1.07550E+02 
4.68826E+02 3.41841E-04 1.84524E-01 1.00778E+02 
4.76639E+02 3.12467E-04 1.70640E-01 9.42144E+01 
4.84453E+02 2.84997E-04 1.57440E-01 8.78718E+01 
4.92267E+02 2.59364E-04 1.44923E-01 8.17595E+01 
5.00081E+02 2.35501E-04 1.33084E-01 7.58856E+01 
5.07894E+02 2.13335E-04 1.21914E-01 7.02565E+01 
5.15708E+02 1.92794E-04 1.11402E-01 6.48770E+01 
5.23522E+02 1.73803E-04 1.01535E-01 5.97502E+01 
5.31336E+02 1.56285E-04 9.22965E-02 5.48780E+01 
5.39149E+02 1.40165E-04 8.36692E-02 5.02607E+01 
5.46963E+02 1.25367E-04 7.56336E-02 4.58973E+01 
5.54777E+02 1.11814E-04 6.81688E-02 4.17855E+01 
5.62591E+02 9.94337E-05 6.12528E-02 3.79220E+01 
5.70404E+02 8.81522E-05 5.48625E-02 3.43023E+01 
5.78218E+02 7.78981E-05 4.89741E-02 3.09208E+01 
5.86032E+02 6.86025E-05 4.35635E-02 2.77715E+01 
5.93846E+02 6.01984E-05 3.86061E-02 2.48472E+01 
6.01660E+02 5.26212E-05 3.40773E-02 2.21404E+01 
6.09473E+02 4.58091E-05 2.99527E-02 1.96429E+01 
6.17287E+02 3.97033E-05 2.62079E-02 1.73462E+01 
6.25101E+02 3.42472E-05 2.28191E-02 1.52413E+01 
6.32915E+02 2.93879E-05 1.97629E-02 1.33191E+01 
6.40728E+02 2.50749E-05 1.70166E-02 1.15704E+01 
6.48542E+02 2.12610E-05 1.45583E-02 9.98590E+00 
6.56356E+02 1.79017E-05 1.23669E-02 8.55626E+00 
6.64170E+02 1.49557E-05 1.04219E-02 7.27224E+00 
6.71983E+02 1.23841E-05 8.70419E-03 6.12480E+00 
6.79797E+02 1.01513E-05 7.19527E-03 5.10507E+00 
6.87611E+02 8.22402E-06 5.87776E-03 4.20439E+00 
6.95425E+02 6.57162E-06 4.73526E-03 3.41445E+00 
7.03238E+02 5.16598E-06 3.75240E-03 2.72720E+00 
7.11052E+02 3.98126E-06 2.91477E-03 2.13497E+00 
7.18866E+02 2.99390E-06 2.20897E-03 1.63043E+00 
7.26680E+02 2.18238E-06 1.62253E-03 1.20664E+00 
7.34493E+02 1.52717E-06 1.14394E-03 8.57055E-01 
7.42307E+02 1.01057E-06 7.62566E-04 5.75508E-01 
7.50121E+02 6.16587E-07 4.68647E-04 3.56235E-01 
7.57935E+02 3.30815E-07 2.53233E-04 1.93855E-01 
7.65749E+02 1.40316E-07 1.08161E-04 8.33768E-02 
7.73562E+02 3.34970E-08 2.59983E-05 2.01783E-02 
