100 2 
0.00000E+00 3.35500E-03 1.00000E+00 3.64536E+02 
8.10150E+00 3.35340E-03 9.99991E-01 3.64535E+02 
1.62030E+01 3.34861E-03 9.99931E-01 3.64535E+02 
2.43045E+01 3.34064E-03 9.99767E-01 3.64531E+02 
3.24060E+01 3.32948E-03 9.99449E-01 3.64522E+02 
4.05075E+01 3.31517E-03 9.98925E-01 3.64503E+02 
4.86090E+01 3.29770E-03 9.98145E-01 3.64468E+02 
5.67105E+01 3.27711E-03 9.97058E-01 3.64410E+02 
6.48120E+01 3.25343E-03 9.95617E-01 3.64323E+02 
7.29135E+01 3.22668E-03 9.93773E-01 3.64195E+02 
8.10150E+01 3.19690E-03 9.91479E-01 3.64018E+02 
8.91165E+01 3.16414E-03 9.88690E-01 3.63781E+02 
9.72180E+01 3.12844E-03 9.85362E-01 3.63470E+02 
1.05320E+02 3.08986E-03 9.81454E-01 3.63074E+02 
1.13421E+02 3.04847E-03 9.76925E-01 3.62578E+02 
1.21522E+02 3.00433E-03 9.71738E-01 3.61969E+02 
1.29624E+02 2.95753E-03 9.65859E-01 3.61230E+02 
1.37725E+02 2.90815E-03 9.59256E-01 3.60347E+02 
1.45827E+02 2.85628E-03 9.51900E-01 3.59303E+02 
1.53928E+02 2.80202E-03 9.43767E-01 3.58084E+02 
1.62030E+02 2.74549E-03 9.34835E-01 3.56672E+02 
1.70132E+02 2.68681E-03 9.25088E-01 3.55053E+02 
1.78233E+02 2.62610E-03 9.14513E-01 3.53210E+02 
1.86335E+02 2.56350E-03 9.03100E-01 3.51130E+02 
1.94436E+02 2.49916E-03 8.90848E-01 3.48796E+02 
2.02538E+02 2.43321E-03 8.77757E-01 3.46197E+02 
2.10639E+02 2.36581E-03 8.63833E-01 3.43320E+02 
2.18741E+02 2.29714E-03 8.49089E-01 3.40154E+02 
2.26842E+02 2.22735E-03 8.33539E-01 3.36689E+02 
2.34943E+02 2.15661E-03 8.17207E-01 3.32918E+02 
2.43045E+02 2.08511E-03 8.00118E-01 3.28833E+02 
2.51146E+02 2.01302E-03 7.82305E-01 3.24431E+02 
2.59248E+02 1.94052E-03 7.63803E-01 3.19709E+02 
2.67349E+02 1.86780E-03 7.44654E-01 3.14667E+02 
2.75451E+02 1.79502E-03 7.24902E-01 3.09306E+02 
2.83552E+02 1.72239E-03 7.04602E-01 3.03631E+02 
2.91654E+02 1.65012E-03 6.83817E-01 2.97653E+02 
2.99755E+02 1.57837E-03 6.62602E-01 2.91380E+02 
3.07857E+02 1.50732E-03 6.41016E-01 2.84822E+02 
3.15958E+02 1.43711E-03 6.19119E-01 2.77992E+02 
3.24060E+02 1.36791E-03 5.96973E-01 2.70904E+02 
3.32161E+02 1.29984E-03 5.74641E-01 2.63577E+02 
3.40263E+02 1.23306E-03 5.52188E-01 2.56028E+02 
3.48365E+02 1.16768E-03 5.29680E-01 2.48278E+02 
3.56466E+02 1.10384E-03 5.07180E-01 2.40349E+02 
3.64568E+02 1.04163E-03 4.84754E-01 2.32264E+02 
3.72669E+02 9.81157E-04 4.62465E-01 2.24048E+02 
3.80771E+02 9.22512E-04 4.40373E-01 2.15726E+02 
3.88872E+02 8.65771E-04 4.18540E-01 2.07324E+02 
3.96974E+02 8.11001E-04 3.97020E-01 1.98869E+02 
4.05075E+02 7.58257E-04 3.75870E-01 1.90387E+02 
4.13177E+02 7.07582E-04 3.55139E-01 1.81906E+02 
4.21278E+02 6.59010E-04 3.34875E-01 1.73451E+02 
4.29380E+02 6.12564E-04 3.15121E-01 1.65050E+02 
4.37481E+02 5.68253E-04 2.95917E-01 1.56727E+02 
4.45582E+02 5.26081E-04 2.77298E-01 1.48506E+02 
4.53684E+02 4.86037E-04 2.59295E-01 1.40412E+02 
4.61785E+02 4.48106E-04 2.41934E-01 1.32465E+02 
4.69887E+02 4.12260E-04 2.25237E-01 1.24688E+02 
4.77988E+02 3.78465E-04 2.09221E-01 1.17098E+02 
4.86090E+02 3.46680E-04 1.93901E-01 1.09713E+02 
4.94191E+02 3.16856E-04 1.79285E-01 1.02550E+02 
5.02293E+02 2.88941E-04 1.65377E-01 9.56211E+01 
5.10395E+02 2.62874E-04 1.52180E-01 8.89392E+01 
5.18496E+02 2.38593E-04 1.39690E-01 8.25141E+01 
5.26598E+02 2.16030E-04 1.27901E-01 7.63542E+01 
5.34699E+02 1.95115E-04 1.16803E-01 7.04658E+01 
5.42800E+02 1.75775E-04 1.06385E-01 6.48533E+01 
5.50902E+02 1.57936E-04 9.66306E-02 5.95197E+01 
5.59003E+02 1.41523E-04 8.75233E-02 5.44660E+01 
5.67105E+02 1.26461E-04 7.90433E-02 4.96917E+01 
5.75206E+02 1.12673E-04 7.11692E-02 4.51948E+01 
5.83308E+02 1.00086E-04 6.38784E-02 4.09719E+01 
5.91409E+02 8.86234E-05 5.71467E-02 3.70184E+01 
5.99511E+02 7.82144E-05 5.09492E-02 3.33284E+01 
6.07612E+02 6.87879E-05 4.52604E-02 2.98952E+01 
6.15714E+02 6.02750E-05 4.00540E-02 2.67109E+01 
6.23815E+02 5.26096E-05 3.53038E-02 2.37672E+01 
6.31917E+02 4.57279E-05 3.09835E-02 2.10549E+01 
6.40018E+02 3.95688E-05 2.70670E-02 1.85644E+01 
6.48120E+02 3.40743E-05 2.35286E-02 1.62857E+01 
6.56221E+02 2.91893E-05 2.03431E-02 1.42084E+01 
6.64323E+02 2.48615E-05 1.74859E-02 1.23221E+01 
6.72424E+02 2.10420E-05 1.49334E-02 1.06163E+01 
6.80526E+02 1.76847E-05 1.26626E-02 9.08032E+00 
6.88628E+02 1.47467E-05 1.06516E-02 7.70379E+00 
6.96729E+02 1.21880E-05 8.87943E-03 6.47643E+00 
7.04831E+02 9.97142E-06 7.32632E-03 5.38818E+00 
7.12932E+02 8.06270E-06 5.97346E-03 4.42930E+00 
7.21034E+02 6.43024E-06 4.80320E-03 3.59035E+00 
7.29135E+02 5.04504E-06 3.79896E-03 2.86231E+00 
7.37237E+02 3.88054E-06 2.94531E-03 2.23651E+00 
7.45338E+02 2.91253E-06 2.22786E-03 1.70477E+00 
7.53440E+02 2.11901E-06 1.63331E-03 1.25930E+00 
7.61541E+02 1.48001E-06 1.14938E-03 8.92796E-01 
7.69643E+02 9.77532E-07 7.64773E-04 5.98406E-01 
7.77744E+02 5.95330E-07 4.69142E-04 3.69735E-01 
7.85846E+02 3.18833E-07 2.53045E-04 2.00842E-01 
7.93947E+02 1.34994E-07 1.07890E-04 8.62301E-02 
8.02049E+02 3.21705E-08 2.58881E-05 2.08327E-02 
