100 2 
0.00000E+00 3.35427E-03 1.00000E+00 3.64601E+02 
8.10246E+00 3.35268E-03 9.99991E-01 3.64601E+02 
1.62049E+01 3.34789E-03 9.99931E-01 3.64601E+02 
2.43074E+01 3.33992E-03 9.99767E-01 3.64597E+02 
3.24099E+01 3.32877E-03 9.99449E-01 3.64588E+02 
4.05123E+01 3.31447E-03 9.98925E-01 3.64569E+02 
4.86148E+01 3.29701E-03 9.98146E-01 3.64534E+02 
5.67173E+01 3.27644E-03 9.97060E-01 3.64476E+02 
6.48197E+01 3.25277E-03 9.95619E-01 3.64389E+02 
7.29222E+01 3.22604E-03 9.93776E-01 3.64261E+02 
8.10247E+01 3.19628E-03 9.91483E-01 3.64085E+02 
8.91271E+01 3.16353E-03 9.88696E-01 3.63847E+02 
9.72296E+01 3.12786E-03 9.85370E-01 3.63537E+02 
1.05332E+02 3.08930E-03 9.81463E-01 3.63141E+02 
1.13435E+02 3.04793E-03 9.76936E-01 3.62645E+02 
1.21537E+02 3.00382E-03 9.71751E-01 3.62035E+02 
1.29639E+02 2.95704E-03 9.65875E-01 3.61297E+02 
1.37742E+02 2.90768E-03 9.59274E-01 3.60414E+02 
1.45844E+02 2.85584E-03 9.51921E-01 3.59371E+02 
1.53947E+02 2.80161E-03 9.43791E-01 3.58152E+02 
1.62049E+02 2.74511E-03 9.34863E-01 3.56740E+02 
1.70152E+02 2.68645E-03 9.25119E-01 3.55121E+02 
1.78254E+02 2.62577E-03 9.14546E-01 3.53279E+02 
1.86357E+02 2.56320E-03 9.03137E-01 3.51199E+02 
1.94459E+02 2.49887E-03 8.90888E-01 3.48866E+02 
2.02562E+02 2.43295E-03 8.77800E-01 3.46267E+02 
2.10664E+02 2.36558E-03 8.63880E-01 3.43390E+02 
2.18767E+02 2.29692E-03 8.49138E-01 3.40225E+02 
2.26869E+02 2.22716E-03 8.33592E-01 3.36760E+02 
2.34971E+02 2.15644E-03 8.17263E-01 3.32989E+02 
2.43074E+02 2.08496E-03 8.00177E-01 3.28904E+02 
2.51176E+02 2.01289E-03 7.82366E-01 3.24503E+02 
2.59279E+02 1.94041E-03 7.63867E-01 3.19780E+02 
2.67381E+02 1.86770E-03 7.44720E-01 3.14738E+02 
2.75484E+02 1.79494E-03 7.24970E-01 3.09377E+02 
2.83586E+02 1.72233E-03 7.04672E-01 3.03703E+02 
2.91689E+02 1.65007E-03 6.83888E-01 2.97724E+02 
2.99791E+02 1.57834E-03 6.62675E-01 2.91450E+02 
3.07894E+02 1.50730E-03 6.41090E-01 2.84892E+02 
3.15996E+02 1.43710E-03 6.19193E-01 2.78061E+02 
3.24099E+02 1.36790E-03 5.97047E-01 2.70973E+02 
3.32201E+02 1.29985E-03 5.74716E-01 2.63645E+02 
3.40304E+02 1.23307E-03 5.52263E-01 2.56095E+02 
3.48406E+02 1.16770E-03 5.29753E-01 2.48343E+02 
3.56508E+02 1.10386E-03 5.07253E-01 2.40413E+02 
3.64611E+02 1.04165E-03 4.84826E-01 2.32327E+02 
3.72713E+02 9.81185E-04 4.62535E-01 2.24109E+02 
3.80816E+02 9.22542E-04 4.40441E-01 2.15785E+02 
3.88918E+02 8.65803E-04 4.18606E-01 2.07382E+02 
3.97021E+02 8.11034E-04 3.97084E-01 1.98925E+02 
4.05123E+02 7.58290E-04 3.75932E-01 1.90441E+02 
4.13226E+02 7.07615E-04 3.55198E-01 1.81958E+02 
4.21328E+02 6.59043E-04 3.34932E-01 1.73501E+02 
4.29431E+02 6.12596E-04 3.15175E-01 1.65098E+02 
4.37533E+02 5.68284E-04 2.95969E-01 1.56772E+02 
4.45636E+02 5.26110E-04 2.77347E-01 1.48550E+02 
4.53738E+02 4.86065E-04 2.59340E-01 1.40453E+02 
4.61841E+02 4.48132E-04 2.41976E-01 1.32504E+02 
4.69943E+02 4.12284E-04 2.25277E-01 1.24724E+02 
4.78045E+02 3.78488E-04 2.09259E-01 1.17132E+02 
4.86148E+02 3.46701E-04 1.93936E-01 1.09746E+02 
4.94250E+02 3.16876E-04 1.79317E-01 1.02580E+02 
5.02353E+02 2.88958E-04 1.65407E-01 9.56492E+01 
5.10455E+02 2.62890E-04 1.52207E-01 8.89652E+01 
5.18558E+02 2.38607E-04 1.39714E-01 8.25382E+01 
5.26660E+02 2.16042E-04 1.27923E-01 7.63763E+01 
5.34763E+02 1.95125E-04 1.16823E-01 7.04860E+01 
5.42865E+02 1.75784E-04 1.06403E-01 6.48719E+01 
5.50968E+02 1.57944E-04 9.66467E-02 5.95366E+01 
5.59070E+02 1.41530E-04 8.75377E-02 5.44813E+01 
5.67173E+02 1.26467E-04 7.90560E-02 4.97055E+01 
5.75275E+02 1.12678E-04 7.11804E-02 4.52072E+01 
5.83378E+02 1.00089E-04 6.38882E-02 4.09830E+01 
5.91480E+02 8.86264E-05 5.71553E-02 3.70283E+01 
5.99582E+02 7.82168E-05 5.09567E-02 3.33372E+01 
6.07685E+02 6.87896E-05 4.52668E-02 2.99029E+01 
6.15787E+02 6.02763E-05 4.00595E-02 2.67177E+01 
6.23890E+02 5.26104E-05 3.53085E-02 2.37731E+01 
6.31992E+02 4.57283E-05 3.09874E-02 2.10601E+01 
6.40095E+02 3.95691E-05 2.70703E-02 1.85689E+01 
6.48197E+02 3.40743E-05 2.35313E-02 1.62895E+01 
6.56300E+02 2.91891E-05 2.03453E-02 1.42117E+01 
6.64402E+02 2.48612E-05 1.74878E-02 1.23249E+01 
6.72505E+02 2.10416E-05 1.49349E-02 1.06186E+01 
6.80607E+02 1.76843E-05 1.26638E-02 9.08224E+00 
6.88710E+02 1.47463E-05 1.06525E-02 7.70538E+00 
6.96812E+02 1.21875E-05 8.88015E-03 6.47772E+00 
7.04914E+02 9.97098E-06 7.32687E-03 5.38922E+00 
7.13017E+02 8.06231E-06 5.97388E-03 4.43013E+00 
7.21119E+02 6.42989E-06 4.80350E-03 3.59100E+00 
7.29222E+02 5.04472E-06 3.79918E-03 2.86281E+00 
7.37324E+02 3.88027E-06 2.94545E-03 2.23689E+00 
7.45427E+02 2.91231E-06 2.22796E-03 1.70504E+00 
7.53529E+02 2.11883E-06 1.63338E-03 1.25950E+00 
7.61632E+02 1.47988E-06 1.14942E-03 8.92930E-01 
7.69734E+02 9.77440E-07 7.64792E-04 5.98492E-01 
7.77837E+02 5.95270E-07 4.69151E-04 3.69786E-01 
7.85939E+02 3.18798E-07 2.53048E-04 2.00868E-01 
7.94042E+02 1.34980E-07 1.07891E-04 8.62413E-02 
8.02144E+02 3.21668E-08 2.58883E-05 2.08354E-02 
