100 2 
0.00000E+00 3.52126E-03 1.00000E+00 3.49995E+02 
7.88258E+00 3.51941E-03 9.99990E-01 3.49995E+02 
1.57652E+01 3.51389E-03 9.99923E-01 3.49994E+02 
2.36477E+01 3.50470E-03 9.99739E-01 3.49990E+02 
3.15303E+01 3.49186E-03 9.99382E-01 3.49980E+02 
3.94129E+01 3.47540E-03 9.98796E-01 3.49960E+02 
4.72955E+01 3.45534E-03 9.97924E-01 3.49922E+02 
5.51780E+01 3.43173E-03 9.96712E-01 3.49859E+02 
6.30606E+01 3.40462E-03 9.95107E-01 3.49764E+02 
7.09432E+01 3.37406E-03 9.93057E-01 3.49626E+02 
7.88258E+01 3.34012E-03 9.90514E-01 3.49436E+02 
8.67083E+01 3.30287E-03 9.87428E-01 3.49180E+02 
9.45909E+01 3.26238E-03 9.83756E-01 3.48846E+02 
1.02474E+02 3.21875E-03 9.79455E-01 3.48422E+02 
1.10356E+02 3.17208E-03 9.74486E-01 3.47893E+02 
1.18239E+02 3.12246E-03 9.68813E-01 3.47244E+02 
1.26121E+02 3.07002E-03 9.62404E-01 3.46461E+02 
1.34004E+02 3.01487E-03 9.55229E-01 3.45527E+02 
1.41886E+02 2.95714E-03 9.47264E-01 3.44428E+02 
1.49769E+02 2.89698E-03 9.38489E-01 3.43147E+02 
1.57652E+02 2.83452E-03 9.28887E-01 3.41671E+02 
1.65534E+02 2.76992E-03 9.18447E-01 3.39983E+02 
1.73417E+02 2.70334E-03 9.07161E-01 3.38070E+02 
1.81299E+02 2.63494E-03 8.95029E-01 3.35918E+02 
1.89182E+02 2.56489E-03 8.82053E-01 3.33514E+02 
1.97064E+02 2.49338E-03 8.68242E-01 3.30846E+02 
2.04947E+02 2.42058E-03 8.53608E-01 3.27904E+02 
2.12830E+02 2.34668E-03 8.38171E-01 3.24679E+02 
2.20712E+02 2.27187E-03 8.21952E-01 3.21162E+02 
2.28595E+02 2.19633E-03 8.04981E-01 3.17349E+02 
2.36477E+02 2.12025E-03 7.87291E-01 3.13235E+02 
2.44360E+02 2.04383E-03 7.68918E-01 3.08818E+02 
2.52242E+02 1.96726E-03 7.49905E-01 3.04096E+02 
2.60125E+02 1.89072E-03 7.30297E-01 2.99073E+02 
2.68008E+02 1.81440E-03 7.10144E-01 2.93751E+02 
2.75890E+02 1.73848E-03 6.89498E-01 2.88136E+02 
2.83773E+02 1.66314E-03 6.68415E-01 2.82236E+02 
2.91655E+02 1.58854E-03 6.46953E-01 2.76061E+02 
2.99538E+02 1.51486E-03 6.25173E-01 2.69622E+02 
3.07421E+02 1.44227E-03 6.03145E-01 2.62937E+02 
3.15303E+02 1.37096E-03 5.80941E-01 2.56024E+02 
3.23186E+02 1.30104E-03 5.58623E-01 2.48899E+02 
3.31068E+02 1.23266E-03 5.36254E-01 2.41581E+02 
3.38951E+02 1.16592E-03 5.13896E-01 2.34091E+02 
3.46833E+02 1.10093E-03 4.91611E-01 2.26450E+02 
3.54716E+02 1.03777E-03 4.69460E-01 2.18680E+02 
3.62599E+02 9.76541E-04 4.47501E-01 2.10804E+02 
3.70481E+02 9.17308E-04 4.25791E-01 2.02847E+02 
3.78364E+02 8.60134E-04 4.04385E-01 1.94832E+02 
3.86246E+02 8.05070E-04 3.83335E-01 1.86785E+02 
3.94129E+02 7.52155E-04 3.62690E-01 1.78729E+02 
4.02011E+02 7.01419E-04 3.42494E-01 1.70691E+02 
4.09894E+02 6.52879E-04 3.22791E-01 1.62692E+02 
4.17777E+02 6.06545E-04 3.03618E-01 1.54758E+02 
4.25659E+02 5.62415E-04 2.85009E-01 1.46911E+02 
4.33542E+02 5.20478E-04 2.66994E-01 1.39172E+02 
4.41424E+02 4.80713E-04 2.49599E-01 1.31563E+02 
4.49307E+02 4.43095E-04 2.32846E-01 1.24102E+02 
4.57189E+02 4.07585E-04 2.16753E-01 1.16808E+02 
4.65072E+02 3.74143E-04 2.01333E-01 1.09698E+02 
4.72955E+02 3.42718E-04 1.86596E-01 1.02786E+02 
4.80837E+02 3.13257E-04 1.72547E-01 9.60872E+01 
4.88720E+02 2.85700E-04 1.59189E-01 8.96119E+01 
4.96602E+02 2.59982E-04 1.46521E-01 8.33709E+01 
5.04485E+02 2.36037E-04 1.34536E-01 7.73725E+01 
5.12367E+02 2.13793E-04 1.23228E-01 7.16237E+01 
5.20250E+02 1.93179E-04 1.12586E-01 6.61294E+01 
5.28133E+02 1.74119E-04 1.02596E-01 6.08932E+01 
5.36015E+02 1.56539E-04 9.32427E-02 5.59171E+01 
5.43898E+02 1.40363E-04 8.45090E-02 5.12017E+01 
5.51780E+02 1.25514E-04 7.63750E-02 4.67459E+01 
5.59663E+02 1.11917E-04 6.88197E-02 4.25477E+01 
5.67546E+02 9.94974E-05 6.18209E-02 3.86035E+01 
5.75428E+02 8.81826E-05 5.53553E-02 3.49088E+01 
5.83311E+02 7.79007E-05 4.93989E-02 3.14582E+01 
5.91193E+02 6.85821E-05 4.39272E-02 2.82452E+01 
5.99076E+02 6.01596E-05 3.89152E-02 2.52627E+01 
6.06958E+02 5.25683E-05 3.43380E-02 2.25029E+01 
6.14841E+02 4.57459E-05 3.01707E-02 1.99573E+01 
6.22724E+02 3.96329E-05 2.63886E-02 1.76173E+01 
6.30606E+02 3.41728E-05 2.29673E-02 1.54735E+01 
6.38489E+02 2.93119E-05 1.98832E-02 1.35167E+01 
6.46371E+02 2.49994E-05 1.71131E-02 1.17373E+01 
6.54254E+02 2.11878E-05 1.46347E-02 1.01257E+01 
6.62136E+02 1.78322E-05 1.24263E-02 8.67238E+00 
6.70019E+02 1.48909E-05 1.04674E-02 7.36777E+00 
6.77902E+02 1.23249E-05 8.73829E-03 6.20254E+00 
6.85784E+02 1.00981E-05 7.22020E-03 5.16757E+00 
6.93667E+02 8.17715E-06 5.89545E-03 4.25398E+00 
7.01549E+02 6.53113E-06 4.74734E-03 3.45316E+00 
7.09432E+02 5.13176E-06 3.76025E-03 2.75688E+00 
7.17315E+02 3.95307E-06 2.91954E-03 2.15723E+00 
7.25197E+02 2.97133E-06 2.21157E-03 1.64669E+00 
7.33080E+02 2.16494E-06 1.62371E-03 1.21813E+00 
7.40962E+02 1.51428E-06 1.14426E-03 8.64833E-01 
7.48845E+02 1.00159E-06 7.62442E-04 5.80477E-01 
7.56727E+02 6.10837E-07 4.68363E-04 3.59153E-01 
7.64610E+02 3.27589E-07 2.52971E-04 1.95360E-01 
7.72493E+02 1.38889E-07 1.08004E-04 8.39888E-02 
7.80375E+02 3.31425E-08 2.59497E-05 2.03180E-02 
