100 2 
0.00000E+00 3.36997E-03 1.00000E+00 3.63182E+02 
8.08162E+00 3.36835E-03 9.99991E-01 3.63182E+02 
1.61632E+01 3.36350E-03 9.99930E-01 3.63182E+02 
2.42449E+01 3.35541E-03 9.99765E-01 3.63178E+02 
3.23265E+01 3.34411E-03 9.99443E-01 3.63169E+02 
4.04081E+01 3.32960E-03 9.98913E-01 3.63149E+02 
4.84897E+01 3.31190E-03 9.98124E-01 3.63114E+02 
5.65713E+01 3.29104E-03 9.97026E-01 3.63056E+02 
6.46529E+01 3.26705E-03 9.95570E-01 3.62968E+02 
7.27346E+01 3.23995E-03 9.93707E-01 3.62840E+02 
8.08162E+01 3.20980E-03 9.91389E-01 3.62661E+02 
8.88978E+01 3.17663E-03 9.88573E-01 3.62422E+02 
9.69794E+01 3.14050E-03 9.85213E-01 3.62109E+02 
1.05061E+02 3.10147E-03 9.81268E-01 3.61710E+02 
1.13143E+02 3.05959E-03 9.76698E-01 3.61211E+02 
1.21224E+02 3.01496E-03 9.71466E-01 3.60598E+02 
1.29306E+02 2.96765E-03 9.65537E-01 3.59855E+02 
1.37387E+02 2.91774E-03 9.58880E-01 3.58966E+02 
1.45469E+02 2.86534E-03 9.51468E-01 3.57918E+02 
1.53551E+02 2.81055E-03 9.43274E-01 3.56692E+02 
1.61632E+02 2.75348E-03 9.34280E-01 3.55274E+02 
1.69714E+02 2.69426E-03 9.24467E-01 3.53648E+02 
1.77796E+02 2.63302E-03 9.13825E-01 3.51798E+02 
1.85877E+02 2.56989E-03 9.02344E-01 3.49710E+02 
1.93959E+02 2.50502E-03 8.90024E-01 3.47369E+02 
2.02040E+02 2.43857E-03 8.76864E-01 3.44763E+02 
2.10122E+02 2.37068E-03 8.62873E-01 3.41879E+02 
2.18204E+02 2.30153E-03 8.48062E-01 3.38707E+02 
2.26285E+02 2.23128E-03 8.32449E-01 3.35237E+02 
2.34367E+02 2.16010E-03 8.16056E-01 3.31460E+02 
2.42449E+02 2.08818E-03 7.98909E-01 3.27372E+02 
2.50530E+02 2.01570E-03 7.81042E-01 3.22967E+02 
2.58612E+02 1.94283E-03 7.62490E-01 3.18244E+02 
2.66693E+02 1.86975E-03 7.43297E-01 3.13202E+02 
2.74775E+02 1.79665E-03 7.23506E-01 3.07844E+02 
2.82857E+02 1.72371E-03 7.03169E-01 3.02173E+02 
2.90938E+02 1.65114E-03 6.82351E-01 2.96200E+02 
2.99020E+02 1.57914E-03 6.61110E-01 2.89935E+02 
3.07101E+02 1.50784E-03 6.39505E-01 2.83387E+02 
3.15183E+02 1.43742E-03 6.17595E-01 2.76569E+02 
3.23265E+02 1.36803E-03 5.95443E-01 2.69498E+02 
3.31346E+02 1.29980E-03 5.73112E-01 2.62189E+02 
3.39428E+02 1.23287E-03 5.50667E-01 2.54661E+02 
3.47510E+02 1.16738E-03 5.28172E-01 2.46935E+02 
3.55591E+02 1.10343E-03 5.05693E-01 2.39032E+02 
3.63673E+02 1.04114E-03 4.83292E-01 2.30976E+02 
3.71754E+02 9.80604E-04 4.61033E-01 2.22791E+02 
3.79836E+02 9.21910E-04 4.38978E-01 2.14503E+02 
3.87918E+02 8.65134E-04 4.17184E-01 2.06137E+02 
3.95999E+02 8.10341E-04 3.95709E-01 1.97720E+02 
4.04081E+02 7.57586E-04 3.74606E-01 1.89278E+02 
4.12163E+02 7.06910E-04 3.53926E-01 1.80838E+02 
4.20244E+02 6.58346E-04 3.33715E-01 1.72427E+02 
4.28326E+02 6.11915E-04 3.14016E-01 1.64069E+02 
4.36407E+02 5.67626E-04 2.94868E-01 1.55791E+02 
4.44489E+02 5.25479E-04 2.76306E-01 1.47616E+02 
4.52571E+02 4.85467E-04 2.58361E-01 1.39567E+02 
4.60652E+02 4.47568E-04 2.41058E-01 1.31667E+02 
4.68734E+02 4.11758E-04 2.24418E-01 1.23935E+02 
4.76815E+02 3.78000E-04 2.08459E-01 1.16391E+02 
4.84897E+02 3.46253E-04 1.93195E-01 1.09051E+02 
4.92979E+02 3.16467E-04 1.78633E-01 1.01932E+02 
5.01060E+02 2.88589E-04 1.64778E-01 9.50459E+01 
5.09142E+02 2.62558E-04 1.51631E-01 8.84059E+01 
5.17224E+02 2.38312E-04 1.39190E-01 8.20215E+01 
5.25305E+02 2.15782E-04 1.27447E-01 7.59008E+01 
5.33387E+02 1.94898E-04 1.16393E-01 7.00500E+01 
5.41468E+02 1.75587E-04 1.06016E-01 6.44735E+01 
5.49550E+02 1.57775E-04 9.63003E-02 5.91741E+01 
5.57632E+02 1.41387E-04 8.72289E-02 5.41527E+01 
5.65713E+02 1.26347E-04 7.87823E-02 4.94089E+01 
5.73795E+02 1.12580E-04 7.09391E-02 4.49405E+01 
5.81876E+02 1.00010E-04 6.36765E-02 4.07444E+01 
5.89958E+02 8.85634E-05 5.69706E-02 3.68156E+01 
5.98040E+02 7.81682E-05 5.07965E-02 3.31486E+01 
6.06121E+02 6.87536E-05 4.51288E-02 2.97365E+01 
6.14203E+02 6.02508E-05 3.99413E-02 2.65716E+01 
6.22285E+02 5.25938E-05 3.52080E-02 2.36455E+01 
6.30366E+02 4.57190E-05 3.09026E-02 2.09492E+01 
6.38448E+02 3.95655E-05 2.69992E-02 1.84732E+01 
6.46529E+02 3.40753E-05 2.34723E-02 1.62074E+01 
6.54611E+02 2.91936E-05 2.02968E-02 1.41417E+01 
6.62693E+02 2.48682E-05 1.74482E-02 1.22657E+01 
6.70774E+02 2.10502E-05 1.49030E-02 1.05689E+01 
6.78856E+02 1.76939E-05 1.26383E-02 9.04092E+00 
6.86938E+02 1.47563E-05 1.06325E-02 7.67132E+00 
6.95019E+02 1.21975E-05 8.86469E-03 6.44993E+00 
7.03101E+02 9.98049E-06 7.31511E-03 5.36682E+00 
7.11182E+02 8.07112E-06 5.96511E-03 4.41231E+00 
7.19264E+02 6.43782E-06 4.79711E-03 3.57705E+00 
7.27346E+02 5.05166E-06 3.79465E-03 2.85207E+00 
7.35427E+02 3.88615E-06 2.94235E-03 2.22880E+00 
7.43509E+02 2.91713E-06 2.22592E-03 1.69911E+00 
7.51590E+02 2.12264E-06 1.63211E-03 1.25529E+00 
7.59672E+02 1.48274E-06 1.14868E-03 8.90065E-01 
7.67754E+02 9.79460E-07 7.64403E-04 5.96650E-01 
7.75835E+02 5.96581E-07 4.68975E-04 3.68697E-01 
7.83917E+02 3.19543E-07 2.52987E-04 2.00303E-01 
7.91999E+02 1.35312E-07 1.07879E-04 8.60095E-02 
8.00080E+02 3.22503E-08 2.58887E-05 2.07821E-02 
