100 2 
0.00000E+00 3.38766E-03 1.00000E+00 3.61596E+02 
8.05819E+00 3.38601E-03 9.99991E-01 3.61596E+02 
1.61164E+01 3.38108E-03 9.99929E-01 3.61595E+02 
2.41746E+01 3.37287E-03 9.99762E-01 3.61591E+02 
3.22327E+01 3.36138E-03 9.99436E-01 3.61582E+02 
4.02909E+01 3.34664E-03 9.98899E-01 3.61563E+02 
4.83491E+01 3.32867E-03 9.98100E-01 3.61527E+02 
5.64073E+01 3.30749E-03 9.96989E-01 3.61468E+02 
6.44655E+01 3.28313E-03 9.95514E-01 3.61379E+02 
7.25237E+01 3.25563E-03 9.93629E-01 3.61250E+02 
8.05819E+01 3.22503E-03 9.91284E-01 3.61070E+02 
8.86400E+01 3.19138E-03 9.88435E-01 3.60828E+02 
9.66982E+01 3.15474E-03 9.85038E-01 3.60513E+02 
1.04756E+02 3.11517E-03 9.81050E-01 3.60111E+02 
1.12815E+02 3.07273E-03 9.76431E-01 3.59608E+02 
1.20873E+02 3.02751E-03 9.71146E-01 3.58990E+02 
1.28931E+02 2.97960E-03 9.65159E-01 3.58242E+02 
1.36989E+02 2.92907E-03 9.58440E-01 3.57348E+02 
1.45047E+02 2.87604E-03 9.50960E-01 3.56293E+02 
1.53106E+02 2.82062E-03 9.42696E-01 3.55060E+02 
1.61164E+02 2.76292E-03 9.33628E-01 3.53635E+02 
1.69222E+02 2.70306E-03 9.23739E-01 3.52001E+02 
1.77280E+02 2.64119E-03 9.13018E-01 3.50143E+02 
1.85338E+02 2.57744E-03 9.01458E-01 3.48046E+02 
1.93396E+02 2.51196E-03 8.89057E-01 3.45697E+02 
2.01455E+02 2.44491E-03 8.75818E-01 3.43083E+02 
2.09513E+02 2.37644E-03 8.61748E-01 3.40191E+02 
2.17571E+02 2.30672E-03 8.46860E-01 3.37012E+02 
2.25629E+02 2.23593E-03 8.31173E-01 3.33535E+02 
2.33687E+02 2.16424E-03 8.14708E-01 3.29753E+02 
2.41746E+02 2.09183E-03 7.97494E-01 3.25660E+02 
2.49804E+02 2.01888E-03 7.79564E-01 3.21253E+02 
2.57862E+02 1.94557E-03 7.60955E-01 3.16529E+02 
2.65920E+02 1.87208E-03 7.41710E-01 3.11489E+02 
2.73978E+02 1.79860E-03 7.21873E-01 3.06133E+02 
2.82036E+02 1.72530E-03 7.01496E-01 3.00468E+02 
2.90095E+02 1.65239E-03 6.80639E-01 2.94501E+02 
2.98153E+02 1.58007E-03 6.59368E-01 2.88245E+02 
3.06211E+02 1.50850E-03 6.37741E-01 2.81709E+02 
3.14269E+02 1.43783E-03 6.15816E-01 2.74907E+02 
3.22327E+02 1.36821E-03 5.93658E-01 2.67854E+02 
3.30386E+02 1.29978E-03 5.71328E-01 2.60566E+02 
3.38444E+02 1.23269E-03 5.48892E-01 2.53063E+02 
3.46502E+02 1.16705E-03 5.26414E-01 2.45365E+02 
3.54560E+02 1.10299E-03 5.03957E-01 2.37493E+02 
3.62618E+02 1.04060E-03 4.81586E-01 2.29472E+02 
3.70677E+02 9.79983E-04 4.59364E-01 2.21324E+02 
3.78735E+02 9.21230E-04 4.37350E-01 2.13075E+02 
3.86793E+02 8.64412E-04 4.15603E-01 2.04752E+02 
3.94851E+02 8.09592E-04 3.94180E-01 1.96379E+02 
4.02909E+02 7.56823E-04 3.73133E-01 1.87984E+02 
4.10967E+02 7.06145E-04 3.52511E-01 1.79593E+02 
4.19026E+02 6.57589E-04 3.32362E-01 1.71231E+02 
4.27084E+02 6.11174E-04 3.12728E-01 1.62925E+02 
4.35142E+02 5.66909E-04 2.93646E-01 1.54699E+02 
4.43200E+02 5.24793E-04 2.75151E-01 1.46577E+02 
4.51258E+02 4.84815E-04 2.57273E-01 1.38582E+02 
4.59317E+02 4.46955E-04 2.40038E-01 1.30735E+02 
4.67375E+02 4.11185E-04 2.23465E-01 1.23057E+02 
4.75433E+02 3.77470E-04 2.07573E-01 1.15566E+02 
4.83491E+02 3.45766E-04 1.92373E-01 1.08279E+02 
4.91549E+02 3.16023E-04 1.77875E-01 1.01211E+02 
4.99607E+02 2.88188E-04 1.64081E-01 9.43755E+01 
5.07666E+02 2.62199E-04 1.50993E-01 8.77845E+01 
5.15724E+02 2.37992E-04 1.38608E-01 8.14476E+01 
5.23782E+02 2.15500E-04 1.26919E-01 7.53726E+01 
5.31840E+02 1.94652E-04 1.15916E-01 6.95656E+01 
5.39898E+02 1.75375E-04 1.05587E-01 6.40310E+01 
5.47957E+02 1.57594E-04 9.59166E-02 5.87714E+01 
5.56015E+02 1.41234E-04 8.68872E-02 5.37877E+01 
5.64073E+02 1.26220E-04 7.84794E-02 4.90794E+01 
5.72131E+02 1.12475E-04 7.06720E-02 4.46444E+01 
5.80189E+02 9.99260E-05 6.34423E-02 4.04793E+01 
5.88247E+02 8.84977E-05 5.67664E-02 3.65795E+01 
5.96306E+02 7.81182E-05 5.06195E-02 3.29392E+01 
6.04364E+02 6.87169E-05 4.49763E-02 2.95517E+01 
6.12422E+02 6.02256E-05 3.98108E-02 2.64093E+01 
6.20480E+02 5.25780E-05 3.50970E-02 2.35038E+01 
6.28538E+02 4.57110E-05 3.08090E-02 2.08262E+01 
6.36597E+02 3.95638E-05 2.69209E-02 1.83670E+01 
6.44655E+02 3.40784E-05 2.34073E-02 1.61163E+01 
6.52713E+02 2.92003E-05 2.02433E-02 1.40641E+01 
6.60771E+02 2.48775E-05 1.74047E-02 1.22001E+01 
6.68829E+02 2.10612E-05 1.48679E-02 1.05138E+01 
6.76888E+02 1.77057E-05 1.26105E-02 8.99507E+00 
6.84946E+02 1.47684E-05 1.06107E-02 7.63353E+00 
6.93004E+02 1.22094E-05 8.84781E-03 6.41912E+00 
7.01062E+02 9.99178E-06 7.30229E-03 5.34198E+00 
7.09120E+02 8.08152E-06 5.95557E-03 4.39255E+00 
7.17178E+02 6.44713E-06 4.79019E-03 3.56158E+00 
7.25237E+02 5.05976E-06 3.78976E-03 2.84017E+00 
7.33295E+02 3.89300E-06 2.93902E-03 2.21985E+00 
7.41353E+02 2.92274E-06 2.22375E-03 1.69254E+00 
7.49411E+02 2.12704E-06 1.63076E-03 1.25062E+00 
7.57469E+02 1.48605E-06 1.14791E-03 8.86892E-01 
7.65528E+02 9.81798E-07 7.64008E-04 5.94615E-01 
7.73586E+02 5.98093E-07 4.68801E-04 3.67492E-01 
7.81644E+02 3.20400E-07 2.52930E-04 1.99678E-01 
7.89702E+02 1.35695E-07 1.07870E-04 8.57533E-02 
7.97760E+02 3.23461E-08 2.58903E-05 2.07231E-02 
