100 2 
0.00000E+00 3.35284E-03 1.00000E+00 3.64732E+02 
8.10437E+00 3.35124E-03 9.99991E-01 3.64732E+02 
1.62087E+01 3.34646E-03 9.99931E-01 3.64731E+02 
2.43131E+01 3.33850E-03 9.99768E-01 3.64727E+02 
3.24175E+01 3.32737E-03 9.99450E-01 3.64718E+02 
4.05219E+01 3.31308E-03 9.98927E-01 3.64699E+02 
4.86262E+01 3.29565E-03 9.98148E-01 3.64664E+02 
5.67306E+01 3.27510E-03 9.97063E-01 3.64607E+02 
6.48350E+01 3.25146E-03 9.95624E-01 3.64519E+02 
7.29394E+01 3.22476E-03 9.93783E-01 3.64392E+02 
8.10437E+01 3.19504E-03 9.91492E-01 3.64215E+02 
8.91481E+01 3.16234E-03 9.88707E-01 3.63978E+02 
9.72525E+01 3.12670E-03 9.85384E-01 3.63668E+02 
1.05357E+02 3.08819E-03 9.81481E-01 3.63272E+02 
1.13461E+02 3.04687E-03 9.76958E-01 3.62777E+02 
1.21566E+02 3.00280E-03 9.71777E-01 3.62167E+02 
1.29670E+02 2.95607E-03 9.65906E-01 3.61429E+02 
1.37774E+02 2.90676E-03 9.59310E-01 3.60547E+02 
1.45879E+02 2.85497E-03 9.51963E-01 3.59504E+02 
1.53983E+02 2.80079E-03 9.43838E-01 3.58286E+02 
1.62087E+02 2.74434E-03 9.34916E-01 3.56875E+02 
1.70192E+02 2.68574E-03 9.25178E-01 3.55257E+02 
1.78296E+02 2.62511E-03 9.14612E-01 3.53415E+02 
1.86401E+02 2.56258E-03 9.03210E-01 3.51335E+02 
1.94505E+02 2.49831E-03 8.90968E-01 3.49003E+02 
2.02609E+02 2.43243E-03 8.77886E-01 3.46405E+02 
2.10714E+02 2.36511E-03 8.63973E-01 3.43529E+02 
2.18818E+02 2.29650E-03 8.49237E-01 3.40364E+02 
2.26922E+02 2.22678E-03 8.33697E-01 3.36900E+02 
2.35027E+02 2.15611E-03 8.17374E-01 3.33129E+02 
2.43131E+02 2.08467E-03 8.00294E-01 3.29045E+02 
2.51236E+02 2.01264E-03 7.82488E-01 3.24643E+02 
2.59340E+02 1.94019E-03 7.63993E-01 3.19922E+02 
2.67444E+02 1.86752E-03 7.44851E-01 3.14879E+02 
2.75549E+02 1.79479E-03 7.25105E-01 3.09518E+02 
2.83653E+02 1.72220E-03 7.04810E-01 3.03843E+02 
2.91757E+02 1.64997E-03 6.84030E-01 2.97864E+02 
2.99862E+02 1.57827E-03 6.62819E-01 2.91589E+02 
3.07966E+02 1.50725E-03 6.41236E-01 2.85030E+02 
3.16071E+02 1.43707E-03 6.19340E-01 2.78198E+02 
3.24175E+02 1.36789E-03 5.97195E-01 2.71108E+02 
3.32279E+02 1.29985E-03 5.74863E-01 2.63778E+02 
3.40384E+02 1.23309E-03 5.52409E-01 2.56226E+02 
3.48488E+02 1.16773E-03 5.29899E-01 2.48473E+02 
3.56592E+02 1.10390E-03 5.07396E-01 2.40540E+02 
3.64697E+02 1.04170E-03 4.84967E-01 2.32451E+02 
3.72801E+02 9.81239E-04 4.62673E-01 2.24230E+02 
3.80906E+02 9.22601E-04 4.40576E-01 2.15903E+02 
3.89010E+02 8.65865E-04 4.18736E-01 2.07496E+02 
3.97114E+02 8.11098E-04 3.97211E-01 1.99035E+02 
4.05219E+02 7.58355E-04 3.76054E-01 1.90548E+02 
4.13323E+02 7.07681E-04 3.55315E-01 1.82061E+02 
4.21427E+02 6.59108E-04 3.35044E-01 1.73600E+02 
4.29532E+02 6.12659E-04 3.15282E-01 1.65192E+02 
4.37636E+02 5.68345E-04 2.96070E-01 1.56863E+02 
4.45741E+02 5.26169E-04 2.77442E-01 1.48636E+02 
4.53845E+02 4.86121E-04 2.59431E-01 1.40534E+02 
4.61949E+02 4.48184E-04 2.42061E-01 1.32581E+02 
4.70054E+02 4.12333E-04 2.25356E-01 1.24797E+02 
4.78158E+02 3.78533E-04 2.09332E-01 1.17201E+02 
4.86262E+02 3.46742E-04 1.94004E-01 1.09810E+02 
4.94367E+02 3.16914E-04 1.79380E-01 1.02640E+02 
5.02471E+02 2.88993E-04 1.65465E-01 9.57047E+01 
5.10576E+02 2.62921E-04 1.52260E-01 8.90167E+01 
5.18680E+02 2.38635E-04 1.39763E-01 8.25857E+01 
5.26784E+02 2.16067E-04 1.27967E-01 7.64201E+01 
5.34889E+02 1.95147E-04 1.16863E-01 7.05262E+01 
5.42993E+02 1.75803E-04 1.06438E-01 6.49086E+01 
5.51097E+02 1.57960E-04 9.66787E-02 5.95700E+01 
5.59202E+02 1.41544E-04 8.75662E-02 5.45116E+01 
5.67306E+02 1.26478E-04 7.90812E-02 4.97328E+01 
5.75411E+02 1.12687E-04 7.12027E-02 4.52318E+01 
5.83515E+02 1.00097E-04 6.39077E-02 4.10050E+01 
5.91619E+02 8.86323E-05 5.71723E-02 3.70479E+01 
5.99724E+02 7.82213E-05 5.09715E-02 3.33545E+01 
6.07828E+02 6.87930E-05 4.52795E-02 2.99182E+01 
6.15932E+02 6.02787E-05 4.00704E-02 2.67312E+01 
6.24037E+02 5.26121E-05 3.53177E-02 2.37849E+01 
6.32141E+02 4.57293E-05 3.09953E-02 2.10703E+01 
6.40245E+02 3.95695E-05 2.70769E-02 1.85777E+01 
6.48350E+02 3.40743E-05 2.35368E-02 1.62971E+01 
6.56454E+02 2.91888E-05 2.03498E-02 1.42181E+01 
6.64559E+02 2.48606E-05 1.74914E-02 1.23303E+01 
6.72663E+02 2.10409E-05 1.49378E-02 1.06232E+01 
6.80767E+02 1.76835E-05 1.26661E-02 9.08605E+00 
6.88872E+02 1.47454E-05 1.06544E-02 7.70852E+00 
6.96976E+02 1.21867E-05 8.88159E-03 6.48029E+00 
7.05080E+02 9.97015E-06 7.32797E-03 5.39129E+00 
7.13185E+02 8.06152E-06 5.97470E-03 4.43177E+00 
7.21289E+02 6.42917E-06 4.80409E-03 3.59229E+00 
7.29394E+02 5.04410E-06 3.79960E-03 2.86379E+00 
7.37498E+02 3.87974E-06 2.94574E-03 2.23764E+00 
7.45602E+02 2.91188E-06 2.22815E-03 1.70559E+00 
7.53707E+02 2.11849E-06 1.63349E-03 1.25988E+00 
7.61811E+02 1.47962E-06 1.14949E-03 8.93194E-01 
7.69915E+02 9.77257E-07 7.64829E-04 5.98662E-01 
7.78020E+02 5.95152E-07 4.69168E-04 3.69886E-01 
7.86124E+02 3.18732E-07 2.53055E-04 2.00921E-01 
7.94229E+02 1.34949E-07 1.07893E-04 8.62625E-02 
8.02333E+02 3.21593E-08 2.58883E-05 2.08403E-02 
