100 2 
0.00000E+00 3.37098E-03 1.00000E+00 3.63092E+02 
8.08029E+00 3.36936E-03 9.99991E-01 3.63092E+02 
1.61606E+01 3.36450E-03 9.99930E-01 3.63091E+02 
2.42409E+01 3.35640E-03 9.99765E-01 3.63088E+02 
3.23211E+01 3.34509E-03 9.99442E-01 3.63078E+02 
4.04014E+01 3.33056E-03 9.98912E-01 3.63059E+02 
4.84817E+01 3.31285E-03 9.98123E-01 3.63024E+02 
5.65620E+01 3.29197E-03 9.97024E-01 3.62966E+02 
6.46423E+01 3.26796E-03 9.95567E-01 3.62877E+02 
7.27226E+01 3.24084E-03 9.93702E-01 3.62749E+02 
8.08029E+01 3.21066E-03 9.91383E-01 3.62571E+02 
8.88831E+01 3.17747E-03 9.88565E-01 3.62331E+02 
9.69634E+01 3.14131E-03 9.85203E-01 3.62018E+02 
1.05044E+02 3.10224E-03 9.81255E-01 3.61619E+02 
1.13124E+02 3.06034E-03 9.76683E-01 3.61120E+02 
1.21204E+02 3.01567E-03 9.71447E-01 3.60506E+02 
1.29285E+02 2.96833E-03 9.65515E-01 3.59763E+02 
1.37365E+02 2.91838E-03 9.58855E-01 3.58874E+02 
1.45445E+02 2.86595E-03 9.51439E-01 3.57825E+02 
1.53525E+02 2.81112E-03 9.43241E-01 3.56599E+02 
1.61606E+02 2.75402E-03 9.34242E-01 3.55181E+02 
1.69686E+02 2.69476E-03 9.24426E-01 3.53554E+02 
1.77766E+02 2.63348E-03 9.13779E-01 3.51704E+02 
1.85847E+02 2.57032E-03 9.02294E-01 3.49615E+02 
1.93927E+02 2.50542E-03 8.89968E-01 3.47274E+02 
2.02007E+02 2.43892E-03 8.76804E-01 3.44668E+02 
2.10087E+02 2.37100E-03 8.62809E-01 3.41783E+02 
2.18168E+02 2.30182E-03 8.47994E-01 3.38610E+02 
2.26248E+02 2.23154E-03 8.32376E-01 3.35139E+02 
2.34328E+02 2.16034E-03 8.15979E-01 3.31363E+02 
2.42409E+02 2.08839E-03 7.98828E-01 3.27274E+02 
2.50489E+02 2.01588E-03 7.80957E-01 3.22869E+02 
2.58569E+02 1.94298E-03 7.62403E-01 3.18146E+02 
2.66649E+02 1.86988E-03 7.43206E-01 3.13105E+02 
2.74730E+02 1.79676E-03 7.23413E-01 3.07746E+02 
2.82810E+02 1.72380E-03 7.03073E-01 3.02076E+02 
2.90890E+02 1.65121E-03 6.82253E-01 2.96103E+02 
2.98971E+02 1.57919E-03 6.61011E-01 2.89838E+02 
3.07051E+02 1.50788E-03 6.39404E-01 2.83291E+02 
3.15131E+02 1.43745E-03 6.17494E-01 2.76475E+02 
3.23211E+02 1.36804E-03 5.95341E-01 2.69404E+02 
3.31292E+02 1.29980E-03 5.73010E-01 2.62096E+02 
3.39372E+02 1.23286E-03 5.50566E-01 2.54570E+02 
3.47452E+02 1.16736E-03 5.28072E-01 2.46845E+02 
3.55533E+02 1.10340E-03 5.05594E-01 2.38944E+02 
3.63613E+02 1.04111E-03 4.83195E-01 2.30890E+02 
3.71693E+02 9.80568E-04 4.60938E-01 2.22707E+02 
3.79773E+02 9.21870E-04 4.38885E-01 2.14421E+02 
3.87854E+02 8.65092E-04 4.17094E-01 2.06058E+02 
3.95934E+02 8.10298E-04 3.95621E-01 1.97643E+02 
4.04014E+02 7.57542E-04 3.74522E-01 1.89204E+02 
4.12095E+02 7.06866E-04 3.53845E-01 1.80767E+02 
4.20175E+02 6.58303E-04 3.33637E-01 1.72359E+02 
4.28255E+02 6.11872E-04 3.13942E-01 1.64004E+02 
4.36335E+02 5.67584E-04 2.94798E-01 1.55729E+02 
4.44416E+02 5.25440E-04 2.76240E-01 1.47557E+02 
4.52496E+02 4.85429E-04 2.58299E-01 1.39511E+02 
4.60576E+02 4.47533E-04 2.40999E-01 1.31613E+02 
4.68657E+02 4.11725E-04 2.24364E-01 1.23885E+02 
4.76737E+02 3.77969E-04 2.08409E-01 1.16343E+02 
4.84817E+02 3.46224E-04 1.93148E-01 1.09007E+02 
4.92897E+02 3.16441E-04 1.78590E-01 1.01890E+02 
5.00978E+02 2.88566E-04 1.64738E-01 9.50076E+01 
5.09058E+02 2.62538E-04 1.51595E-01 8.83705E+01 
5.17138E+02 2.38293E-04 1.39156E-01 8.19888E+01 
5.25219E+02 2.15765E-04 1.27416E-01 7.58706E+01 
5.33299E+02 1.94883E-04 1.16366E-01 7.00223E+01 
5.41379E+02 1.75575E-04 1.05991E-01 6.44482E+01 
5.49459E+02 1.57765E-04 9.62783E-02 5.91510E+01 
5.57540E+02 1.41378E-04 8.72094E-02 5.41318E+01 
5.65620E+02 1.26340E-04 7.87649E-02 4.93900E+01 
5.73700E+02 1.12574E-04 7.09238E-02 4.49236E+01 
5.81781E+02 1.00005E-04 6.36631E-02 4.07292E+01 
5.89861E+02 8.85596E-05 5.69589E-02 3.68021E+01 
5.97941E+02 7.81653E-05 5.07864E-02 3.31366E+01 
6.06021E+02 6.87513E-05 4.51200E-02 2.97259E+01 
6.14102E+02 6.02492E-05 3.99338E-02 2.65623E+01 
6.22182E+02 5.25928E-05 3.52016E-02 2.36374E+01 
6.30262E+02 4.57184E-05 3.08972E-02 2.09422E+01 
6.38343E+02 3.95653E-05 2.69947E-02 1.84671E+01 
6.46423E+02 3.40754E-05 2.34686E-02 1.62022E+01 
6.54503E+02 2.91939E-05 2.02937E-02 1.41373E+01 
6.62583E+02 2.48687E-05 1.74457E-02 1.22620E+01 
6.70664E+02 2.10508E-05 1.49009E-02 1.05658E+01 
6.78744E+02 1.76945E-05 1.26367E-02 9.03830E+00 
6.86824E+02 1.47569E-05 1.06313E-02 7.66915E+00 
6.94905E+02 1.21981E-05 8.86372E-03 6.44817E+00 
7.02985E+02 9.98111E-06 7.31437E-03 5.36540E+00 
7.11065E+02 8.07169E-06 5.96456E-03 4.41118E+00 
7.19145E+02 6.43834E-06 4.79671E-03 3.57616E+00 
7.27226E+02 5.05211E-06 3.79437E-03 2.85139E+00 
7.35306E+02 3.88653E-06 2.94216E-03 2.22829E+00 
7.43386E+02 2.91744E-06 2.22579E-03 1.69874E+00 
7.51467E+02 2.12288E-06 1.63203E-03 1.25502E+00 
7.59547E+02 1.48293E-06 1.14864E-03 8.89884E-01 
7.67627E+02 9.79592E-07 7.64380E-04 5.96534E-01 
7.75707E+02 5.96667E-07 4.68965E-04 3.68629E-01 
7.83788E+02 3.19591E-07 2.52983E-04 2.00267E-01 
7.91868E+02 1.35333E-07 1.07878E-04 8.59946E-02 
7.99948E+02 3.22557E-08 2.58887E-05 2.07787E-02 
