200 2 
0.00000E+00 3.43653E-03 1.00000E+00 3.58672E+02 
4.85541E+00 3.43589E-03 9.99998E-01 3.58672E+02 
9.71083E+00 3.43398E-03 9.99983E-01 3.58672E+02 
1.45662E+01 3.43078E-03 9.99944E-01 3.58671E+02 
1.94217E+01 3.42631E-03 9.99868E-01 3.58670E+02 
2.42771E+01 3.42057E-03 9.99742E-01 3.58667E+02 
2.91325E+01 3.41355E-03 9.99554E-01 3.58662E+02 
3.39879E+01 3.40528E-03 9.99292E-01 3.58654E+02 
3.88433E+01 3.39574E-03 9.98944E-01 3.58641E+02 
4.36987E+01 3.38495E-03 9.98498E-01 3.58623E+02 
4.85541E+01 3.37291E-03 9.97943E-01 3.58597E+02 
5.34096E+01 3.35964E-03 9.97265E-01 3.58563E+02 
5.82650E+01 3.34513E-03 9.96455E-01 3.58517E+02 
6.31204E+01 3.32940E-03 9.95500E-01 3.58459E+02 
6.79758E+01 3.31246E-03 9.94389E-01 3.58386E+02 
7.28312E+01 3.29432E-03 9.93111E-01 3.58296E+02 
7.76866E+01 3.27500E-03 9.91657E-01 3.58187E+02 
8.25420E+01 3.25450E-03 9.90014E-01 3.58055E+02 
8.73974E+01 3.23284E-03 9.88173E-01 3.57899E+02 
9.22529E+01 3.21003E-03 9.86124E-01 3.57715E+02 
9.71083E+01 3.18610E-03 9.83858E-01 3.57500E+02 
1.01964E+02 3.16106E-03 9.81364E-01 3.57252E+02 
1.06819E+02 3.13492E-03 9.78636E-01 3.56967E+02 
1.11675E+02 3.10771E-03 9.75663E-01 3.56642E+02 
1.16530E+02 3.07945E-03 9.72437E-01 3.56274E+02 
1.21385E+02 3.05016E-03 9.68952E-01 3.55859E+02 
1.26241E+02 3.01986E-03 9.65200E-01 3.55394E+02 
1.31096E+02 2.98857E-03 9.61174E-01 3.54876E+02 
1.35952E+02 2.95633E-03 9.56869E-01 3.54301E+02 
1.40807E+02 2.92315E-03 9.52277E-01 3.53666E+02 
1.45662E+02 2.88906E-03 9.47395E-01 3.52966E+02 
1.50518E+02 2.85410E-03 9.42217E-01 3.52199E+02 
1.55373E+02 2.81829E-03 9.36740E-01 3.51361E+02 
1.60229E+02 2.78166E-03 9.30959E-01 3.50449E+02 
1.65084E+02 2.74425E-03 9.24873E-01 3.49459E+02 
1.69939E+02 2.70608E-03 9.18479E-01 3.48388E+02 
1.74795E+02 2.66719E-03 9.11775E-01 3.47232E+02 
1.79650E+02 2.62761E-03 9.04761E-01 3.45989E+02 
1.84506E+02 2.58739E-03 8.97437E-01 3.44655E+02 
1.89361E+02 2.54654E-03 8.89802E-01 3.43228E+02 
1.94217E+02 2.50512E-03 8.81858E-01 3.41704E+02 
1.99072E+02 2.46316E-03 8.73606E-01 3.40082E+02 
2.03927E+02 2.42070E-03 8.65050E-01 3.38357E+02 
2.08783E+02 2.37778E-03 8.56192E-01 3.36529E+02 
2.13638E+02 2.33443E-03 8.47036E-01 3.34595E+02 
2.18494E+02 2.29070E-03 8.37587E-01 3.32554E+02 
2.23349E+02 2.24662E-03 8.27850E-01 3.30402E+02 
2.28204E+02 2.20225E-03 8.17831E-01 3.28140E+02 
2.33060E+02 2.15761E-03 8.07536E-01 3.25766E+02 
2.37915E+02 2.11275E-03 7.96973E-01 3.23278E+02 
2.42771E+02 2.06772E-03 7.86150E-01 3.20677E+02 
2.47626E+02 2.02255E-03 7.75075E-01 3.17961E+02 
2.52482E+02 1.97729E-03 7.63757E-01 3.15131E+02 
2.57337E+02 1.93198E-03 7.52205E-01 3.12186E+02 
2.62192E+02 1.88665E-03 7.40431E-01 3.09128E+02 
2.67048E+02 1.84136E-03 7.28445E-01 3.05956E+02 
2.71903E+02 1.79613E-03 7.16258E-01 3.02672E+02 
2.76759E+02 1.75102E-03 7.03882E-01 2.99276E+02 
2.81614E+02 1.70605E-03 6.91329E-01 2.95772E+02 
2.86469E+02 1.66128E-03 6.78611E-01 2.92159E+02 
2.91325E+02 1.61673E-03 6.65742E-01 2.88441E+02 
2.96180E+02 1.57247E-03 6.52739E-01 2.84622E+02 
3.01036E+02 1.52853E-03 6.39618E-01 2.80704E+02 
3.05891E+02 1.48494E-03 6.26392E-01 2.76690E+02 
3.10746E+02 1.44175E-03 6.13074E-01 2.72584E+02 
3.15602E+02 1.39898E-03 5.99680E-01 2.68389E+02 
3.20457E+02 1.35666E-03 5.86222E-01 2.64109E+02 
3.25313E+02 1.31483E-03 5.72715E-01 2.59748E+02 
3.30168E+02 1.27351E-03 5.59174E-01 2.55310E+02 
3.35024E+02 1.23273E-03 5.45612E-01 2.50799E+02 
3.39879E+02 1.19252E-03 5.32044E-01 2.46220E+02 
3.44734E+02 1.15291E-03 5.18483E-01 2.41579E+02 
3.49590E+02 1.11391E-03 5.04945E-01 2.36879E+02 
3.54445E+02 1.07555E-03 4.91443E-01 2.32126E+02 
3.59301E+02 1.03786E-03 4.77990E-01 2.27325E+02 
3.64156E+02 1.00084E-03 4.64601E-01 2.22481E+02 
3.69011E+02 9.64523E-04 4.51288E-01 2.17601E+02 
3.73867E+02 9.28922E-04 4.38064E-01 2.12690E+02 
3.78722E+02 8.94052E-04 4.24943E-01 2.07752E+02 
3.83578E+02 8.59928E-04 4.11937E-01 2.02795E+02 
3.88433E+02 8.26559E-04 3.99057E-01 1.97823E+02 
3.93289E+02 7.93959E-04 3.86315E-01 1.92843E+02 
3.98144E+02 7.62136E-04 3.73722E-01 1.87860E+02 
4.02999E+02 7.31096E-04 3.61289E-01 1.82880E+02 
4.07855E+02 7.00848E-04 3.49026E-01 1.77908E+02 
4.12710E+02 6.71395E-04 3.36942E-01 1.72950E+02 
4.17566E+02 6.42741E-04 3.25047E-01 1.68012E+02 
4.22421E+02 6.14888E-04 3.13349E-01 1.63099E+02 
4.27276E+02 5.87835E-04 3.01857E-01 1.58217E+02 
4.32132E+02 5.61584E-04 2.90576E-01 1.53370E+02 
4.36987E+02 5.36130E-04 2.79516E-01 1.48563E+02 
4.41843E+02 5.11472E-04 2.68681E-01 1.43802E+02 
4.46698E+02 4.87604E-04 2.58077E-01 1.39092E+02 
4.51553E+02 4.64521E-04 2.47711E-01 1.34436E+02 
4.56409E+02 4.42216E-04 2.37585E-01 1.29839E+02 
4.61264E+02 4.20682E-04 2.27704E-01 1.25305E+02 
4.66120E+02 3.99909E-04 2.18072E-01 1.20839E+02 
4.70975E+02 3.79888E-04 2.08692E-01 1.16444E+02 
4.75831E+02 3.60607E-04 1.99565E-01 1.12123E+02 
4.80686E+02 3.42057E-04 1.90693E-01 1.07881E+02 
4.85541E+02 3.24224E-04 1.82078E-01 1.03719E+02 
4.90397E+02 3.07095E-04 1.73720E-01 9.96404E+01 
4.95252E+02 2.90658E-04 1.65620E-01 9.56484E+01 
5.00108E+02 2.74897E-04 1.57776E-01 9.17449E+01 
5.04963E+02 2.59799E-04 1.50189E-01 8.79321E+01 
5.09818E+02 2.45347E-04 1.42857E-01 8.42119E+01 
5.14674E+02 2.31527E-04 1.35777E-01 8.05857E+01 
5.19529E+02 2.18322E-04 1.28950E-01 7.70551E+01 
5.24385E+02 2.05717E-04 1.22370E-01 7.36212E+01 
5.29240E+02 1.93694E-04 1.16037E-01 7.02848E+01 
5.34096E+02 1.82238E-04 1.09946E-01 6.70466E+01 
5.38951E+02 1.71331E-04 1.04094E-01 6.39071E+01 
5.43806E+02 1.60956E-04 9.84780E-02 6.08665E+01 
5.48662E+02 1.51096E-04 9.30926E-02 5.79249E+01 
5.53517E+02 1.41735E-04 8.79340E-02 5.50822E+01 
5.58373E+02 1.32855E-04 8.29974E-02 5.23378E+01 
5.63228E+02 1.24440E-04 7.82783E-02 4.96914E+01 
5.68083E+02 1.16473E-04 7.37715E-02 4.71422E+01 
5.72939E+02 1.08936E-04 6.94719E-02 4.46893E+01 
5.77794E+02 1.01813E-04 6.53738E-02 4.23315E+01 
5.82650E+02 9.50873E-05 6.14716E-02 4.00674E+01 
5.87505E+02 8.87427E-05 5.77597E-02 3.78958E+01 
5.92360E+02 8.27632E-05 5.42324E-02 3.58149E+01 
5.97216E+02 7.71331E-05 5.08837E-02 3.38233E+01 
6.02071E+02 7.18368E-05 4.77080E-02 3.19190E+01 
6.06927E+02 6.68593E-05 4.46992E-02 3.01003E+01 
6.11782E+02 6.21858E-05 4.18516E-02 2.83651E+01 
6.16638E+02 5.78018E-05 3.91590E-02 2.67114E+01 
6.21493E+02 5.36932E-05 3.66156E-02 2.51369E+01 
6.26348E+02 4.98461E-05 3.42154E-02 2.36394E+01 
6.31204E+02 4.62471E-05 3.19525E-02 2.22167E+01 
6.36059E+02 4.28833E-05 2.98212E-02 2.08662E+01 
6.40915E+02 3.97419E-05 2.78156E-02 1.95857E+01 
6.45770E+02 3.68107E-05 2.59299E-02 1.83726E+01 
6.50625E+02 3.40779E-05 2.41585E-02 1.72245E+01 
6.55481E+02 3.15319E-05 2.24959E-02 1.61388E+01 
6.60336E+02 2.91618E-05 2.09367E-02 1.51130E+01 
6.65192E+02 2.69569E-05 1.94755E-02 1.41445E+01 
6.70047E+02 2.49071E-05 1.81070E-02 1.32310E+01 
6.74903E+02 2.30026E-05 1.68264E-02 1.23698E+01 
6.79758E+02 2.12341E-05 1.56285E-02 1.15585E+01 
6.84613E+02 1.95926E-05 1.45088E-02 1.07947E+01 
6.89469E+02 1.80698E-05 1.34626E-02 1.00760E+01 
6.94324E+02 1.66577E-05 1.24856E-02 9.39998E+00 
6.99180E+02 1.53486E-05 1.15735E-02 8.76451E+00 
7.04035E+02 1.41354E-05 1.07224E-02 8.16736E+00 
7.08890E+02 1.30114E-05 9.92839E-03 7.60646E+00 
7.13746E+02 1.19705E-05 9.18796E-03 7.07980E+00 
7.18601E+02 1.10066E-05 8.49774E-03 6.58550E+00 
7.23457E+02 1.01146E-05 7.85455E-03 6.12176E+00 
7.28312E+02 9.28922E-06 7.25547E-03 5.68691E+00 
7.33167E+02 8.52600E-06 6.69778E-03 5.27940E+00 
7.38023E+02 7.82068E-06 6.17897E-03 4.89779E+00 
7.42878E+02 7.16941E-06 5.69676E-03 4.54074E+00 
7.47734E+02 6.56867E-06 5.24905E-03 4.20708E+00 
7.52589E+02 6.01530E-06 4.83395E-03 3.89570E+00 
7.57445E+02 5.50644E-06 4.44977E-03 3.60565E+00 
7.62300E+02 5.03950E-06 4.09497E-03 3.33606E+00 
7.67155E+02 4.61216E-06 3.76819E-03 3.08617E+00 
7.72011E+02 4.22235E-06 3.46821E-03 2.85532E+00 
7.76866E+02 3.86821E-06 3.19396E-03 2.64294E+00 
7.81722E+02 3.54804E-06 2.94447E-03 2.44853E+00 
7.86577E+02 3.26035E-06 2.71889E-03 2.27165E+00 
7.91432E+02 3.00376E-06 2.51645E-03 2.11193E+00 
7.96288E+02 2.77702E-06 2.33646E-03 1.96906E+00 
8.01143E+02 2.57319E-06 2.17366E-03 1.83903E+00 
8.05999E+02 2.37626E-06 2.01542E-03 1.71187E+00 
8.10854E+02 2.18602E-06 1.86163E-03 1.58755E+00 
8.15710E+02 2.00315E-06 1.71290E-03 1.46659E+00 
8.20565E+02 1.82820E-06 1.56978E-03 1.34950E+00 
8.25420E+02 1.66165E-06 1.43271E-03 1.23669E+00 
8.30276E+02 1.50386E-06 1.30209E-03 1.12856E+00 
8.35131E+02 1.35512E-06 1.17823E-03 1.02543E+00 
8.39987E+02 1.21559E-06 1.06137E-03 9.27553E-01 
8.44842E+02 1.08535E-06 9.51658E-04 8.35132E-01 
8.49697E+02 9.64385E-07 8.49175E-04 7.48305E-01 
8.54553E+02 8.52614E-07 7.53936E-04 6.67153E-01 
8.59408E+02 7.49861E-07 6.65882E-04 5.91695E-01 
8.64264E+02 6.55887E-07 5.84895E-04 5.21900E-01 
8.69119E+02 5.70393E-07 5.10802E-04 4.57687E-01 
8.73974E+02 4.93032E-07 4.43381E-04 3.98929E-01 
8.78830E+02 4.23413E-07 3.82370E-04 3.45462E-01 
8.83685E+02 3.61114E-07 3.27472E-04 2.97084E-01 
8.88541E+02 3.05689E-07 2.78362E-04 2.53570E-01 
8.93396E+02 2.56678E-07 2.34697E-04 2.14668E-01 
8.98252E+02 2.13611E-07 1.96119E-04 1.80110E-01 
9.03107E+02 1.76022E-07 1.62265E-04 1.49621E-01 
9.07962E+02 1.43445E-07 1.32768E-04 1.22912E-01 
9.12818E+02 1.15432E-07 1.07266E-04 9.96969E-02 
9.17673E+02 9.15448E-08 8.54054E-05 7.96903E-02 
9.22529E+02 7.13689E-08 6.68430E-05 6.26123E-02 
9.27384E+02 5.45108E-08 5.12513E-05 4.81918E-02 
9.32239E+02 4.06020E-08 3.83198E-05 3.61690E-02 
9.37095E+02 2.93000E-08 2.77572E-05 2.62973E-02 
9.41950E+02 2.02892E-08 1.92922E-05 1.83451E-02 
9.46806E+02 1.32810E-08 1.26745E-05 1.20962E-02 
9.51661E+02 8.01363E-09 7.67524E-06 7.35130E-03 
9.56517E+02 4.25118E-09 4.08610E-06 3.92748E-03 
9.61372E+02 1.78267E-09 1.71942E-06 1.65842E-03 
9.66227E+02 4.20714E-10 4.07177E-07 3.94076E-04 
