100 2 
0.00000E+00 3.35671E-03 1.00000E+00 3.64381E+02 
8.09923E+00 3.35511E-03 9.99991E-01 3.64380E+02 
1.61985E+01 3.35031E-03 9.99931E-01 3.64380E+02 
2.42977E+01 3.34232E-03 9.99767E-01 3.64376E+02 
3.23969E+01 3.33115E-03 9.99448E-01 3.64367E+02 
4.04961E+01 3.31681E-03 9.98923E-01 3.64348E+02 
4.85954E+01 3.29932E-03 9.98142E-01 3.64313E+02 
5.66946E+01 3.27871E-03 9.97055E-01 3.64255E+02 
6.47938E+01 3.25498E-03 9.95612E-01 3.64167E+02 
7.28930E+01 3.22820E-03 9.93765E-01 3.64040E+02 
8.09923E+01 3.19837E-03 9.91469E-01 3.63863E+02 
8.90915E+01 3.16556E-03 9.88677E-01 3.63625E+02 
9.71907E+01 3.12982E-03 9.85345E-01 3.63315E+02 
1.05290E+02 3.09119E-03 9.81432E-01 3.62918E+02 
1.13389E+02 3.04974E-03 9.76899E-01 3.62422E+02 
1.21488E+02 3.00555E-03 9.71707E-01 3.61812E+02 
1.29588E+02 2.95869E-03 9.65822E-01 3.61072E+02 
1.37687E+02 2.90924E-03 9.59213E-01 3.60189E+02 
1.45786E+02 2.85731E-03 9.51851E-01 3.59145E+02 
1.53885E+02 2.80299E-03 9.43711E-01 3.57924E+02 
1.61985E+02 2.74641E-03 9.34772E-01 3.56512E+02 
1.70084E+02 2.68766E-03 9.25017E-01 3.54892E+02 
1.78183E+02 2.62689E-03 9.14434E-01 3.53049E+02 
1.86282E+02 2.56423E-03 9.03014E-01 3.50967E+02 
1.94381E+02 2.49983E-03 8.90754E-01 3.48633E+02 
2.02481E+02 2.43382E-03 8.77655E-01 3.46033E+02 
2.10580E+02 2.36637E-03 8.63723E-01 3.43155E+02 
2.18679E+02 2.29764E-03 8.48971E-01 3.39988E+02 
2.26778E+02 2.22779E-03 8.33414E-01 3.36523E+02 
2.34878E+02 2.15701E-03 8.17075E-01 3.32751E+02 
2.42977E+02 2.08546E-03 7.99980E-01 3.28666E+02 
2.51076E+02 2.01333E-03 7.82160E-01 3.24263E+02 
2.59175E+02 1.94079E-03 7.63653E-01 3.19541E+02 
2.67275E+02 1.86802E-03 7.44498E-01 3.14499E+02 
2.75374E+02 1.79520E-03 7.24742E-01 3.09138E+02 
2.83473E+02 1.72254E-03 7.04437E-01 3.03464E+02 
2.91572E+02 1.65023E-03 6.83649E-01 2.97487E+02 
2.99671E+02 1.57846E-03 6.62431E-01 2.91214E+02 
3.07771E+02 1.50738E-03 6.40843E-01 2.84657E+02 
3.15870E+02 1.43715E-03 6.18944E-01 2.77828E+02 
3.23969E+02 1.36792E-03 5.96797E-01 2.70743E+02 
3.32068E+02 1.29984E-03 5.74466E-01 2.63418E+02 
3.40168E+02 1.23304E-03 5.52014E-01 2.55871E+02 
3.48267E+02 1.16765E-03 5.29507E-01 2.48124E+02 
3.56366E+02 1.10379E-03 5.07010E-01 2.40198E+02 
3.64465E+02 1.04157E-03 4.84586E-01 2.32116E+02 
3.72564E+02 9.81093E-04 4.62300E-01 2.23904E+02 
3.80664E+02 9.22442E-04 4.40213E-01 2.15585E+02 
3.88763E+02 8.65697E-04 4.18384E-01 2.07188E+02 
3.96862E+02 8.10925E-04 3.96870E-01 1.98737E+02 
4.04961E+02 7.58179E-04 3.75725E-01 1.90260E+02 
4.13061E+02 7.07504E-04 3.55000E-01 1.81783E+02 
4.21160E+02 6.58933E-04 3.34742E-01 1.73334E+02 
4.29259E+02 6.12489E-04 3.14994E-01 1.64937E+02 
4.37358E+02 5.68181E-04 2.95797E-01 1.56619E+02 
4.45457E+02 5.26011E-04 2.77184E-01 1.48404E+02 
4.53557E+02 4.85971E-04 2.59188E-01 1.40315E+02 
4.61656E+02 4.48044E-04 2.41833E-01 1.32374E+02 
4.69755E+02 4.12201E-04 2.25143E-01 1.24601E+02 
4.77854E+02 3.78411E-04 2.09134E-01 1.17017E+02 
4.85954E+02 3.46630E-04 1.93820E-01 1.09637E+02 
4.94053E+02 3.16811E-04 1.79210E-01 1.02479E+02 
5.02152E+02 2.88900E-04 1.65309E-01 9.55551E+01 
5.10251E+02 2.62838E-04 1.52117E-01 8.88779E+01 
5.18351E+02 2.38561E-04 1.39632E-01 8.24576E+01 
5.26450E+02 2.16001E-04 1.27848E-01 7.63021E+01 
5.34549E+02 1.95089E-04 1.16756E-01 7.04180E+01 
5.42648E+02 1.75753E-04 1.06342E-01 6.48097E+01 
5.50747E+02 1.57917E-04 9.65926E-02 5.94800E+01 
5.58847E+02 1.41508E-04 8.74894E-02 5.44300E+01 
5.66946E+02 1.26448E-04 7.90132E-02 4.96592E+01 
5.75045E+02 1.12662E-04 7.11427E-02 4.51656E+01 
5.83144E+02 1.00077E-04 6.38551E-02 4.09458E+01 
5.91244E+02 8.86164E-05 5.71264E-02 3.69951E+01 
5.99343E+02 7.82089E-05 5.09317E-02 3.33077E+01 
6.07442E+02 6.87838E-05 4.52452E-02 2.98769E+01 
6.15541E+02 6.02721E-05 4.00410E-02 2.66949E+01 
6.23641E+02 5.26077E-05 3.52927E-02 2.37532E+01 
6.31740E+02 4.57268E-05 3.09741E-02 2.10428E+01 
6.39839E+02 3.95684E-05 2.70592E-02 1.85539E+01 
6.47938E+02 3.40744E-05 2.35221E-02 1.62767E+01 
6.56037E+02 2.91897E-05 2.03377E-02 1.42008E+01 
6.64137E+02 2.48622E-05 1.74816E-02 1.23156E+01 
6.72236E+02 2.10429E-05 1.49299E-02 1.06108E+01 
6.80335E+02 1.76857E-05 1.26598E-02 9.07579E+00 
6.88434E+02 1.47478E-05 1.06494E-02 7.70006E+00 
6.96534E+02 1.21890E-05 8.87772E-03 6.47338E+00 
7.04633E+02 9.97244E-06 7.32503E-03 5.38573E+00 
7.12732E+02 8.06364E-06 5.97250E-03 4.42734E+00 
7.20831E+02 6.43109E-06 4.80249E-03 3.58882E+00 
7.28930E+02 5.04578E-06 3.79846E-03 2.86113E+00 
7.37030E+02 3.88117E-06 2.94497E-03 2.23563E+00 
7.45129E+02 2.91305E-06 2.22764E-03 1.70412E+00 
7.53228E+02 2.11941E-06 1.63317E-03 1.25884E+00 
7.61327E+02 1.48032E-06 1.14930E-03 8.92481E-01 
7.69427E+02 9.77751E-07 7.64731E-04 5.98205E-01 
7.77526E+02 5.95472E-07 4.69123E-04 3.69616E-01 
7.85625E+02 3.18913E-07 2.53038E-04 2.00780E-01 
7.93724E+02 1.35031E-07 1.07889E-04 8.62052E-02 
8.01823E+02 3.21797E-08 2.58883E-05 2.08270E-02 
