100 2 
0.00000E+00 3.54385E-03 1.00000E+00 3.48096E+02 
7.85305E+00 3.54198E-03 9.99990E-01 3.48096E+02 
1.57061E+01 3.53636E-03 9.99922E-01 3.48095E+02 
2.35591E+01 3.52701E-03 9.99735E-01 3.48092E+02 
3.14122E+01 3.51394E-03 9.99374E-01 3.48082E+02 
3.92652E+01 3.49718E-03 9.98779E-01 3.48060E+02 
4.71183E+01 3.47678E-03 9.97896E-01 3.48022E+02 
5.49713E+01 3.45276E-03 9.96667E-01 3.47959E+02 
6.28244E+01 3.42519E-03 9.95041E-01 3.47863E+02 
7.06774E+01 3.39411E-03 9.92965E-01 3.47724E+02 
7.85305E+01 3.35961E-03 9.90388E-01 3.47531E+02 
8.63835E+01 3.32175E-03 9.87264E-01 3.47274E+02 
9.42365E+01 3.28062E-03 9.83547E-01 3.46937E+02 
1.02090E+02 3.23631E-03 9.79196E-01 3.46510E+02 
1.09943E+02 3.18892E-03 9.74170E-01 3.45977E+02 
1.17796E+02 3.13857E-03 9.68435E-01 3.45323E+02 
1.25649E+02 3.08537E-03 9.61957E-01 3.44534E+02 
1.33502E+02 3.02944E-03 9.54709E-01 3.43594E+02 
1.41355E+02 2.97093E-03 9.46666E-01 3.42488E+02 
1.49208E+02 2.90997E-03 9.37808E-01 3.41201E+02 
1.57061E+02 2.84671E-03 9.28120E-01 3.39717E+02 
1.64914E+02 2.78132E-03 9.17591E-01 3.38021E+02 
1.72767E+02 2.71395E-03 9.06215E-01 3.36100E+02 
1.80620E+02 2.64478E-03 8.93991E-01 3.33940E+02 
1.88473E+02 2.57397E-03 8.80924E-01 3.31528E+02 
1.96326E+02 2.50172E-03 8.67021E-01 3.28852E+02 
2.04179E+02 2.42820E-03 8.52297E-01 3.25903E+02 
2.12032E+02 2.35360E-03 8.36772E-01 3.22672E+02 
2.19885E+02 2.27811E-03 8.20470E-01 3.19151E+02 
2.27738E+02 2.20193E-03 8.03419E-01 3.15334E+02 
2.35591E+02 2.12525E-03 7.85654E-01 3.11218E+02 
2.43444E+02 2.04825E-03 7.67212E-01 3.06800E+02 
2.51297E+02 1.97113E-03 7.48135E-01 3.02081E+02 
2.59151E+02 1.89409E-03 7.28471E-01 2.97062E+02 
2.67004E+02 1.81729E-03 7.08269E-01 2.91747E+02 
2.74857E+02 1.74094E-03 6.87582E-01 2.86142E+02 
2.82710E+02 1.66519E-03 6.66466E-01 2.80255E+02 
2.90563E+02 1.59023E-03 6.44980E-01 2.74096E+02 
2.98416E+02 1.51621E-03 6.23184E-01 2.67677E+02 
3.06269E+02 1.44331E-03 6.01141E-01 2.61012E+02 
3.14122E+02 1.37170E-03 5.78930E-01 2.54122E+02 
3.21975E+02 1.30153E-03 5.56614E-01 2.47025E+02 
3.29828E+02 1.23292E-03 5.34255E-01 2.39738E+02 
3.37681E+02 1.16599E-03 5.11917E-01 2.32283E+02 
3.45534E+02 1.10083E-03 4.89659E-01 2.24679E+02 
3.53387E+02 1.03754E-03 4.67543E-01 2.16951E+02 
3.61240E+02 9.76197E-04 4.45626E-01 2.09120E+02 
3.69093E+02 9.16876E-04 4.23965E-01 2.01210E+02 
3.76946E+02 8.59634E-04 4.02614E-01 1.93246E+02 
3.84799E+02 8.04520E-04 3.81624E-01 1.85252E+02 
3.92652E+02 7.51571E-04 3.61044E-01 1.77252E+02 
4.00505E+02 7.00816E-04 3.40917E-01 1.69270E+02 
4.08358E+02 6.52271E-04 3.21285E-01 1.61331E+02 
4.16211E+02 6.05941E-04 3.02185E-01 1.53456E+02 
4.24064E+02 5.61824E-04 2.83651E-01 1.45670E+02 
4.31918E+02 5.19908E-04 2.65713E-01 1.37993E+02 
4.39771E+02 4.80171E-04 2.48395E-01 1.30446E+02 
4.47624E+02 4.42584E-04 2.31719E-01 1.23047E+02 
4.55477E+02 4.07109E-04 2.15702E-01 1.15815E+02 
4.63330E+02 3.73704E-04 2.00357E-01 1.08766E+02 
4.71183E+02 3.42318E-04 1.85693E-01 1.01914E+02 
4.79036E+02 3.12897E-04 1.71716E-01 9.52741E+01 
4.86889E+02 2.85378E-04 1.58427E-01 8.88563E+01 
4.94742E+02 2.59698E-04 1.45824E-01 8.26712E+01 
5.02595E+02 2.35790E-04 1.33903E-01 7.67268E+01 
5.10448E+02 2.13581E-04 1.22655E-01 7.10299E+01 
5.18301E+02 1.93000E-04 1.12069E-01 6.55854E+01 
5.26154E+02 1.73971E-04 1.02133E-01 6.03967E+01 
5.34007E+02 1.56418E-04 9.28294E-02 5.54657E+01 
5.41860E+02 1.40267E-04 8.41420E-02 5.07929E+01 
5.49713E+02 1.25441E-04 7.60509E-02 4.63772E+01 
5.57566E+02 1.11864E-04 6.85350E-02 4.22165E+01 
5.65419E+02 9.94624E-05 6.15722E-02 3.83073E+01 
5.73272E+02 8.81627E-05 5.51395E-02 3.46452E+01 
5.81125E+02 7.78935E-05 4.92127E-02 3.12246E+01 
5.88978E+02 6.85855E-05 4.37677E-02 2.80393E+01 
5.96831E+02 6.01715E-05 3.87796E-02 2.50821E+01 
6.04685E+02 5.25868E-05 3.42235E-02 2.23453E+01 
6.12538E+02 4.57694E-05 3.00748E-02 1.98206E+01 
6.20391E+02 3.96599E-05 2.63090E-02 1.74993E+01 
6.28244E+02 3.42020E-05 2.29020E-02 1.53725E+01 
6.36097E+02 2.93421E-05 1.98301E-02 1.34307E+01 
6.43950E+02 2.50298E-05 1.70704E-02 1.16647E+01 
6.51803E+02 2.12175E-05 1.46008E-02 1.00649E+01 
6.59656E+02 1.78605E-05 1.23999E-02 8.62182E+00 
6.67509E+02 1.49174E-05 1.04471E-02 7.32616E+00 
6.75362E+02 1.23493E-05 8.72302E-03 6.16868E+00 
6.83215E+02 1.01201E-05 7.20897E-03 5.14033E+00 
6.91068E+02 8.19656E-06 5.88742E-03 4.23236E+00 
6.98921E+02 6.54795E-06 4.74182E-03 3.43628E+00 
7.06774E+02 5.14601E-06 3.75661E-03 2.74394E+00 
7.14627E+02 3.96482E-06 2.91728E-03 2.14751E+00 
7.22480E+02 2.98075E-06 2.21030E-03 1.63959E+00 
7.30333E+02 2.17223E-06 1.62309E-03 1.21311E+00 
7.38186E+02 1.51967E-06 1.14404E-03 8.61432E-01 
7.46039E+02 1.00535E-06 7.62440E-04 5.78303E-01 
7.53892E+02 6.13249E-07 4.68452E-04 3.57876E-01 
7.61745E+02 3.28943E-07 2.53065E-04 1.94701E-01 
7.69599E+02 1.39489E-07 1.08064E-04 8.37205E-02 
7.77452E+02 3.32915E-08 2.59687E-05 2.02567E-02 
