100 2 
0.00000E+00 3.36465E-03 1.00000E+00 3.63662E+02 
8.08868E+00 3.36304E-03 9.99991E-01 3.63662E+02 
1.61774E+01 3.35821E-03 9.99931E-01 3.63661E+02 
2.42660E+01 3.35016E-03 9.99766E-01 3.63658E+02 
3.23547E+01 3.33891E-03 9.99445E-01 3.63649E+02 
4.04434E+01 3.32447E-03 9.98917E-01 3.63629E+02 
4.85321E+01 3.30685E-03 9.98131E-01 3.63594E+02 
5.66208E+01 3.28609E-03 9.97038E-01 3.63537E+02 
6.47094E+01 3.26221E-03 9.95587E-01 3.63448E+02 
7.27981E+01 3.23524E-03 9.93730E-01 3.63320E+02 
8.08868E+01 3.20521E-03 9.91421E-01 3.63143E+02 
8.89755E+01 3.17219E-03 9.88614E-01 3.62904E+02 
9.70642E+01 3.13621E-03 9.85266E-01 3.62592E+02 
1.05153E+02 3.09734E-03 9.81334E-01 3.62194E+02 
1.13242E+02 3.05564E-03 9.76778E-01 3.61696E+02 
1.21330E+02 3.01118E-03 9.71562E-01 3.61084E+02 
1.29419E+02 2.96405E-03 9.65651E-01 3.60342E+02 
1.37508E+02 2.91433E-03 9.59014E-01 3.59456E+02 
1.45596E+02 2.86212E-03 9.51621E-01 3.58409E+02 
1.53685E+02 2.80752E-03 9.43449E-01 3.57186E+02 
1.61774E+02 2.75064E-03 9.34477E-01 3.55770E+02 
1.69862E+02 2.69161E-03 9.24687E-01 3.54146E+02 
1.77951E+02 2.63056E-03 9.14069E-01 3.52299E+02 
1.86040E+02 2.56762E-03 9.02612E-01 3.50213E+02 
1.94128E+02 2.50294E-03 8.90316E-01 3.47875E+02 
2.02217E+02 2.43666E-03 8.77181E-01 3.45272E+02 
2.10306E+02 2.36895E-03 8.63213E-01 3.42390E+02 
2.18394E+02 2.29996E-03 8.48426E-01 3.39220E+02 
2.26483E+02 2.22988E-03 8.32835E-01 3.35752E+02 
2.34572E+02 2.15886E-03 8.16464E-01 3.31977E+02 
2.42660E+02 2.08709E-03 7.99338E-01 3.27890E+02 
2.50749E+02 2.01475E-03 7.81489E-01 3.23486E+02 
2.58838E+02 1.94201E-03 7.62956E-01 3.18763E+02 
2.66926E+02 1.86905E-03 7.43778E-01 3.13721E+02 
2.75015E+02 1.79607E-03 7.24001E-01 3.08362E+02 
2.83104E+02 1.72324E-03 7.03676E-01 3.02690E+02 
2.91192E+02 1.65078E-03 6.82870E-01 2.96715E+02 
2.99281E+02 1.57886E-03 6.61639E-01 2.90447E+02 
3.07370E+02 1.50765E-03 6.40040E-01 2.83895E+02 
3.15458E+02 1.43731E-03 6.18135E-01 2.77073E+02 
3.23547E+02 1.36798E-03 5.95985E-01 2.69996E+02 
3.31636E+02 1.29981E-03 5.73654E-01 2.62681E+02 
3.39725E+02 1.23294E-03 5.51206E-01 2.55145E+02 
3.47813E+02 1.16748E-03 5.28706E-01 2.47411E+02 
3.55902E+02 1.10357E-03 5.06220E-01 2.39498E+02 
3.63991E+02 1.04131E-03 4.83810E-01 2.31432E+02 
3.72079E+02 9.80798E-04 4.61540E-01 2.23236E+02 
3.80168E+02 9.22121E-04 4.39472E-01 2.14936E+02 
3.88257E+02 8.65358E-04 4.17664E-01 2.06557E+02 
3.96345E+02 8.10573E-04 3.96173E-01 1.98127E+02 
4.04434E+02 7.57822E-04 3.75053E-01 1.89671E+02 
4.12523E+02 7.07147E-04 3.54355E-01 1.81216E+02 
4.20611E+02 6.58580E-04 3.34125E-01 1.72790E+02 
4.28700E+02 6.12143E-04 3.14407E-01 1.64417E+02 
4.36789E+02 5.67847E-04 2.95240E-01 1.56122E+02 
4.44877E+02 5.25691E-04 2.76657E-01 1.47931E+02 
4.52966E+02 4.85667E-04 2.58691E-01 1.39866E+02 
4.61055E+02 4.47758E-04 2.41368E-01 1.31949E+02 
4.69143E+02 4.11934E-04 2.24708E-01 1.24201E+02 
4.77232E+02 3.78164E-04 2.08729E-01 1.16641E+02 
4.85321E+02 3.46403E-04 1.93445E-01 1.09286E+02 
4.93409E+02 3.16604E-04 1.78864E-01 1.02150E+02 
5.01498E+02 2.88713E-04 1.64990E-01 9.52495E+01 
5.09587E+02 2.62669E-04 1.51825E-01 8.85947E+01 
5.17675E+02 2.38411E-04 1.39367E-01 8.21959E+01 
5.25764E+02 2.15869E-04 1.27607E-01 7.60613E+01 
5.33853E+02 1.94974E-04 1.16538E-01 7.01972E+01 
5.41942E+02 1.75653E-04 1.06146E-01 6.46079E+01 
5.50030E+02 1.57832E-04 9.64171E-02 5.92964E+01 
5.58119E+02 1.41435E-04 8.73330E-02 5.42636E+01 
5.66208E+02 1.26387E-04 7.88746E-02 4.95090E+01 
5.74296E+02 1.12612E-04 7.10204E-02 4.50305E+01 
5.82385E+02 1.00036E-04 6.37478E-02 4.08249E+01 
5.90474E+02 8.85843E-05 5.70328E-02 3.68874E+01 
5.98562E+02 7.81843E-05 5.08505E-02 3.32122E+01 
6.06651E+02 6.87654E-05 4.51753E-02 2.97926E+01 
6.14740E+02 6.02591E-05 3.99811E-02 2.66209E+01 
6.22828E+02 5.25992E-05 3.52418E-02 2.36886E+01 
6.30917E+02 4.57219E-05 3.09312E-02 2.09866E+01 
6.39006E+02 3.95665E-05 2.70232E-02 1.85055E+01 
6.47094E+02 3.40748E-05 2.34922E-02 1.62351E+01 
6.55183E+02 2.91919E-05 2.03131E-02 1.41653E+01 
6.63272E+02 2.48657E-05 1.74615E-02 1.22857E+01 
6.71360E+02 2.10472E-05 1.49137E-02 1.05857E+01 
6.79449E+02 1.76905E-05 1.26469E-02 9.05485E+00 
6.87538E+02 1.47528E-05 1.06392E-02 7.68280E+00 
6.95626E+02 1.21940E-05 8.86988E-03 6.45930E+00 
7.03715E+02 9.97723E-06 7.31906E-03 5.37438E+00 
7.11804E+02 8.06809E-06 5.96805E-03 4.41832E+00 
7.19892E+02 6.43510E-06 4.79925E-03 3.58175E+00 
7.27981E+02 5.04928E-06 3.79617E-03 2.85569E+00 
7.36070E+02 3.88414E-06 2.94339E-03 2.23153E+00 
7.44159E+02 2.91548E-06 2.22660E-03 1.70111E+00 
7.52247E+02 2.12133E-06 1.63253E-03 1.25670E+00 
7.60336E+02 1.48177E-06 1.14892E-03 8.91030E-01 
7.68425E+02 9.78771E-07 7.64532E-04 5.97272E-01 
7.76513E+02 5.96133E-07 4.69032E-04 3.69064E-01 
7.84602E+02 3.19289E-07 2.53006E-04 2.00494E-01 
7.92691E+02 1.35198E-07 1.07882E-04 8.60872E-02 
8.00779E+02 3.22214E-08 2.58881E-05 2.07998E-02 
