100 2 
0.00000E+00 3.57335E-03 1.00000E+00 3.45644E+02 
7.81455E+00 3.57143E-03 9.99990E-01 3.45644E+02 
1.56291E+01 3.56568E-03 9.99920E-01 3.45643E+02 
2.34437E+01 3.55612E-03 9.99731E-01 3.45640E+02 
3.12582E+01 3.54275E-03 9.99363E-01 3.45629E+02 
3.90728E+01 3.52562E-03 9.98758E-01 3.45608E+02 
4.68873E+01 3.50475E-03 9.97859E-01 3.45569E+02 
5.47019E+01 3.48021E-03 9.96609E-01 3.45505E+02 
6.25164E+01 3.45203E-03 9.94956E-01 3.45408E+02 
7.03310E+01 3.42029E-03 9.92845E-01 3.45268E+02 
7.81455E+01 3.38505E-03 9.90227E-01 3.45073E+02 
8.59601E+01 3.34640E-03 9.87054E-01 3.44812E+02 
9.37746E+01 3.30443E-03 9.83280E-01 3.44473E+02 
1.01589E+02 3.25924E-03 9.78863E-01 3.44041E+02 
1.09404E+02 3.21093E-03 9.73764E-01 3.43503E+02 
1.17218E+02 3.15962E-03 9.67948E-01 3.42843E+02 
1.25033E+02 3.10543E-03 9.61383E-01 3.42047E+02 
1.32847E+02 3.04850E-03 9.54040E-01 3.41100E+02 
1.40662E+02 2.98896E-03 9.45897E-01 3.39986E+02 
1.48476E+02 2.92697E-03 9.36933E-01 3.38689E+02 
1.56291E+02 2.86268E-03 9.27135E-01 3.37196E+02 
1.64106E+02 2.79626E-03 9.16493E-01 3.35490E+02 
1.71920E+02 2.72787E-03 9.05001E-01 3.33559E+02 
1.79735E+02 2.65768E-03 8.92660E-01 3.31389E+02 
1.87549E+02 2.58589E-03 8.79475E-01 3.28967E+02 
1.95364E+02 2.51267E-03 8.65455E-01 3.26282E+02 
2.03178E+02 2.43821E-03 8.50617E-01 3.23325E+02 
2.10993E+02 2.36271E-03 8.34981E-01 3.20086E+02 
2.18807E+02 2.28635E-03 8.18571E-01 3.16559E+02 
2.26622E+02 2.20934E-03 8.01419E-01 3.12739E+02 
2.34437E+02 2.13186E-03 7.83558E-01 3.08621E+02 
2.42251E+02 2.05411E-03 7.65027E-01 3.04204E+02 
2.50066E+02 1.97629E-03 7.45871E-01 2.99488E+02 
2.57880E+02 1.89859E-03 7.26135E-01 2.94475E+02 
2.65695E+02 1.82118E-03 7.05871E-01 2.89170E+02 
2.73509E+02 1.74425E-03 6.85133E-01 2.83578E+02 
2.81324E+02 1.66799E-03 6.63976E-01 2.77709E+02 
2.89138E+02 1.59255E-03 6.42459E-01 2.71571E+02 
2.96953E+02 1.51810E-03 6.20643E-01 2.65178E+02 
3.04767E+02 1.44480E-03 5.98590E-01 2.58543E+02 
3.12582E+02 1.37281E-03 5.76369E-01 2.51684E+02 
3.20397E+02 1.30230E-03 5.54054E-01 2.44622E+02 
3.28211E+02 1.23339E-03 5.31710E-01 2.37375E+02 
3.36026E+02 1.16620E-03 5.09396E-01 2.29964E+02 
3.43840E+02 1.10083E-03 4.87174E-01 2.22410E+02 
3.51655E+02 1.03735E-03 4.65102E-01 2.14735E+02 
3.59469E+02 9.75863E-04 4.43240E-01 2.06962E+02 
3.67284E+02 9.16421E-04 4.21641E-01 1.99114E+02 
3.75098E+02 8.59086E-04 4.00360E-01 1.91215E+02 
3.82913E+02 8.03903E-04 3.79447E-01 1.83289E+02 
3.90728E+02 7.50907E-04 3.58949E-01 1.75360E+02 
3.98542E+02 7.00123E-04 3.38909E-01 1.67452E+02 
4.06357E+02 6.51565E-04 3.19368E-01 1.59588E+02 
4.14171E+02 6.05236E-04 3.00363E-01 1.51791E+02 
4.21986E+02 5.61133E-04 2.81925E-01 1.44083E+02 
4.29800E+02 5.19240E-04 2.64085E-01 1.36485E+02 
4.37615E+02 4.79533E-04 2.46865E-01 1.29018E+02 
4.45429E+02 4.41983E-04 2.30287E-01 1.21698E+02 
4.53244E+02 4.06550E-04 2.14367E-01 1.14545E+02 
4.61058E+02 3.73189E-04 1.99118E-01 1.07575E+02 
4.68873E+02 3.41850E-04 1.84547E-01 1.00800E+02 
4.76688E+02 3.12475E-04 1.70661E-01 9.42354E+01 
4.84502E+02 2.85004E-04 1.57459E-01 8.78913E+01 
4.92317E+02 2.59370E-04 1.44941E-01 8.17776E+01 
5.00131E+02 2.35506E-04 1.33100E-01 7.59024E+01 
5.07946E+02 2.13340E-04 1.21929E-01 7.02719E+01 
5.15760E+02 1.92798E-04 1.11415E-01 6.48910E+01 
5.23575E+02 1.73806E-04 1.01547E-01 5.97630E+01 
5.31389E+02 1.56288E-04 9.23070E-02 5.48897E+01 
5.39204E+02 1.40167E-04 8.36785E-02 5.02713E+01 
5.47019E+02 1.25368E-04 7.56418E-02 4.59068E+01 
5.54833E+02 1.11815E-04 6.81760E-02 4.17941E+01 
5.62648E+02 9.94341E-05 6.12590E-02 3.79297E+01 
5.70462E+02 8.81522E-05 5.48679E-02 3.43091E+01 
5.78277E+02 7.78979E-05 4.89788E-02 3.09268E+01 
5.86091E+02 6.86021E-05 4.35675E-02 2.77768E+01 
5.93906E+02 6.01977E-05 3.86095E-02 2.48519E+01 
6.01720E+02 5.26204E-05 3.40802E-02 2.21445E+01 
6.09535E+02 4.58083E-05 2.99551E-02 1.96464E+01 
6.17349E+02 3.97023E-05 2.62099E-02 1.73492E+01 
6.25164E+02 3.42463E-05 2.28207E-02 1.52439E+01 
6.32979E+02 2.93869E-05 1.97642E-02 1.33213E+01 
6.40793E+02 2.50740E-05 1.70177E-02 1.15723E+01 
6.48608E+02 2.12601E-05 1.45592E-02 9.98748E+00 
6.56422E+02 1.79009E-05 1.23675E-02 8.55755E+00 
6.64237E+02 1.49549E-05 1.04224E-02 7.27331E+00 
6.72051E+02 1.23834E-05 8.70456E-03 6.12567E+00 
6.79866E+02 1.01507E-05 7.19553E-03 5.10576E+00 
6.87680E+02 8.22345E-06 5.87794E-03 4.20495E+00 
6.95495E+02 6.57113E-06 4.73538E-03 3.41488E+00 
7.03310E+02 5.16557E-06 3.75248E-03 2.72753E+00 
7.11124E+02 3.98092E-06 2.91482E-03 2.13521E+00 
7.18939E+02 2.99363E-06 2.20899E-03 1.63061E+00 
7.26753E+02 2.18217E-06 1.62254E-03 1.20677E+00 
7.34568E+02 1.52701E-06 1.14394E-03 8.57141E-01 
7.42382E+02 1.01046E-06 7.62564E-04 5.75564E-01 
7.50197E+02 6.16517E-07 4.68641E-04 3.56267E-01 
7.58011E+02 3.30776E-07 2.53229E-04 1.93872E-01 
7.65826E+02 1.40300E-07 1.08160E-04 8.33839E-02 
7.73641E+02 3.34925E-08 2.59974E-05 2.01797E-02 
