100 2 
0.00000E+00 3.52930E-03 1.00000E+00 3.49317E+02 
7.87206E+00 3.52745E-03 9.99990E-01 3.49317E+02 
1.57441E+01 3.52189E-03 9.99922E-01 3.49316E+02 
2.36162E+01 3.51264E-03 9.99738E-01 3.49313E+02 
3.14883E+01 3.49972E-03 9.99379E-01 3.49303E+02 
3.93603E+01 3.48315E-03 9.98790E-01 3.49282E+02 
4.72324E+01 3.46297E-03 9.97914E-01 3.49243E+02 
5.51044E+01 3.43922E-03 9.96696E-01 3.49181E+02 
6.29765E+01 3.41194E-03 9.95084E-01 3.49085E+02 
7.08486E+01 3.38120E-03 9.93024E-01 3.48947E+02 
7.87206E+01 3.34706E-03 9.90469E-01 3.48756E+02 
8.65927E+01 3.30959E-03 9.87369E-01 3.48499E+02 
9.44648E+01 3.26887E-03 9.83681E-01 3.48165E+02 
1.02337E+02 3.22500E-03 9.79362E-01 3.47740E+02 
1.10209E+02 3.17807E-03 9.74373E-01 3.47209E+02 
1.18081E+02 3.12819E-03 9.68678E-01 3.46558E+02 
1.25953E+02 3.07548E-03 9.62244E-01 3.45773E+02 
1.33825E+02 3.02005E-03 9.55043E-01 3.44837E+02 
1.41697E+02 2.96205E-03 9.47050E-01 3.43735E+02 
1.49569E+02 2.90160E-03 9.38246E-01 3.42453E+02 
1.57441E+02 2.83886E-03 9.28613E-01 3.40973E+02 
1.65313E+02 2.77397E-03 9.18141E-01 3.39283E+02 
1.73185E+02 2.70711E-03 9.06823E-01 3.37367E+02 
1.81057E+02 2.63843E-03 8.94658E-01 3.35212E+02 
1.88930E+02 2.56812E-03 8.81649E-01 3.32804E+02 
1.96802E+02 2.49634E-03 8.67805E-01 3.30134E+02 
2.04674E+02 2.42329E-03 8.53139E-01 3.27189E+02 
2.12546E+02 2.34914E-03 8.37670E-01 3.23962E+02 
2.20418E+02 2.27408E-03 8.21422E-01 3.20444E+02 
2.28290E+02 2.19831E-03 8.04422E-01 3.16629E+02 
2.36162E+02 2.12202E-03 7.86705E-01 3.12515E+02 
2.44034E+02 2.04540E-03 7.68308E-01 3.08097E+02 
2.51906E+02 1.96863E-03 7.49272E-01 3.03376E+02 
2.59778E+02 1.89191E-03 7.29644E-01 2.98354E+02 
2.67650E+02 1.81542E-03 7.09473E-01 2.93034E+02 
2.75522E+02 1.73935E-03 6.88812E-01 2.87423E+02 
2.83394E+02 1.66386E-03 6.67717E-01 2.81528E+02 
2.91266E+02 1.58913E-03 6.46247E-01 2.75358E+02 
2.99138E+02 1.51533E-03 6.24461E-01 2.68927E+02 
3.07010E+02 1.44263E-03 6.02427E-01 2.62249E+02 
3.14883E+02 1.37121E-03 5.80220E-01 2.55344E+02 
3.22755E+02 1.30121E-03 5.57903E-01 2.48228E+02 
3.30627E+02 1.23274E-03 5.35538E-01 2.40922E+02 
3.38499E+02 1.16593E-03 5.13187E-01 2.33444E+02 
3.46371E+02 1.10088E-03 4.90912E-01 2.25816E+02 
3.54243E+02 1.03768E-03 4.68773E-01 2.18061E+02 
3.62115E+02 9.76410E-04 4.46829E-01 2.10201E+02 
3.69987E+02 9.17146E-04 4.25137E-01 2.02261E+02 
3.77859E+02 8.59948E-04 4.03751E-01 1.94265E+02 
3.85731E+02 8.04867E-04 3.82722E-01 1.86236E+02 
3.93603E+02 7.51940E-04 3.62100E-01 1.78201E+02 
4.01475E+02 7.01198E-04 3.41929E-01 1.70182E+02 
4.09347E+02 6.52656E-04 3.22251E-01 1.62205E+02 
4.17219E+02 6.06324E-04 3.03104E-01 1.54292E+02 
4.25091E+02 5.62199E-04 2.84522E-01 1.46467E+02 
4.32963E+02 5.20269E-04 2.66535E-01 1.38750E+02 
4.40836E+02 4.80515E-04 2.49168E-01 1.31163E+02 
4.48708E+02 4.42908E-04 2.32442E-01 1.23724E+02 
4.56580E+02 4.07411E-04 2.16376E-01 1.16453E+02 
4.64452E+02 3.73982E-04 2.00983E-01 1.09364E+02 
4.72324E+02 3.42572E-04 1.86272E-01 1.02474E+02 
4.80196E+02 3.13125E-04 1.72249E-01 9.57960E+01 
4.88068E+02 2.85582E-04 1.58916E-01 8.93414E+01 
4.95940E+02 2.59878E-04 1.46271E-01 8.31203E+01 
5.03812E+02 2.35946E-04 1.34309E-01 7.71413E+01 
5.11684E+02 2.13715E-04 1.23022E-01 7.14110E+01 
5.19556E+02 1.93113E-04 1.12400E-01 6.59345E+01 
5.27428E+02 1.74064E-04 1.02429E-01 6.07154E+01 
5.35300E+02 1.56494E-04 9.30943E-02 5.57555E+01 
5.43172E+02 1.40327E-04 8.43772E-02 5.10553E+01 
5.51044E+02 1.25486E-04 7.62586E-02 4.66139E+01 
5.58916E+02 1.11897E-04 6.87174E-02 4.24290E+01 
5.66789E+02 9.94837E-05 6.17315E-02 3.84974E+01 
5.74661E+02 8.81743E-05 5.52777E-02 3.48144E+01 
5.82533E+02 7.78971E-05 4.93320E-02 3.13745E+01 
5.90405E+02 6.85824E-05 4.38698E-02 2.81714E+01 
5.98277E+02 6.01630E-05 3.88664E-02 2.51980E+01 
6.06149E+02 5.25742E-05 3.42968E-02 2.24464E+01 
6.14021E+02 4.57537E-05 3.01362E-02 1.99084E+01 
6.21893E+02 3.96420E-05 2.63599E-02 1.75750E+01 
6.29765E+02 3.41827E-05 2.29438E-02 1.54373E+01 
6.37637E+02 2.93223E-05 1.98640E-02 1.34859E+01 
6.45509E+02 2.50099E-05 1.70977E-02 1.17113E+01 
6.53381E+02 2.11981E-05 1.46224E-02 1.01039E+01 
6.61253E+02 1.78420E-05 1.24167E-02 8.65425E+00 
6.69125E+02 1.49001E-05 1.04601E-02 7.35285E+00 
6.76997E+02 1.23334E-05 8.73275E-03 6.19040E+00 
6.84869E+02 1.01058E-05 7.21611E-03 5.15781E+00 
6.92742E+02 8.18394E-06 5.89251E-03 4.24622E+00 
7.00614E+02 6.53703E-06 4.74532E-03 3.44711E+00 
7.08486E+02 5.13676E-06 3.75891E-03 2.75224E+00 
7.16358E+02 3.95719E-06 2.91870E-03 2.15374E+00 
7.24230E+02 2.97464E-06 2.21109E-03 1.64414E+00 
7.32102E+02 2.16750E-06 1.62347E-03 1.21633E+00 
7.39974E+02 1.51618E-06 1.14417E-03 8.63612E-01 
7.47846E+02 1.00291E-06 7.62432E-04 5.79696E-01 
7.55718E+02 6.11687E-07 4.68390E-04 3.58694E-01 
7.63590E+02 3.28067E-07 2.53002E-04 1.95123E-01 
7.71462E+02 1.39101E-07 1.08024E-04 8.38924E-02 
7.79334E+02 3.31949E-08 2.59560E-05 2.02959E-02 
