100 2 
0.00000E+00 3.35889E-03 1.00000E+00 3.64183E+02 
8.09632E+00 3.35729E-03 9.99991E-01 3.64183E+02 
1.61926E+01 3.35248E-03 9.99931E-01 3.64182E+02 
2.42890E+01 3.34448E-03 9.99767E-01 3.64178E+02 
3.23853E+01 3.33329E-03 9.99447E-01 3.64169E+02 
4.04816E+01 3.31892E-03 9.98922E-01 3.64150E+02 
4.85779E+01 3.30140E-03 9.98139E-01 3.64115E+02 
5.66743E+01 3.28074E-03 9.97050E-01 3.64057E+02 
6.47706E+01 3.25697E-03 9.95605E-01 3.63969E+02 
7.28669E+01 3.23013E-03 9.93756E-01 3.63842E+02 
8.09632E+01 3.20026E-03 9.91456E-01 3.63665E+02 
8.90596E+01 3.16739E-03 9.88660E-01 3.63427E+02 
9.71559E+01 3.13158E-03 9.85323E-01 3.63116E+02 
1.05252E+02 3.09288E-03 9.81405E-01 3.62719E+02 
1.13349E+02 3.05136E-03 9.76866E-01 3.62222E+02 
1.21445E+02 3.00710E-03 9.71667E-01 3.61611E+02 
1.29541E+02 2.96016E-03 9.65775E-01 3.60871E+02 
1.37638E+02 2.91064E-03 9.59158E-01 3.59987E+02 
1.45734E+02 2.85863E-03 9.51787E-01 3.58942E+02 
1.53830E+02 2.80424E-03 9.43639E-01 3.57721E+02 
1.61926E+02 2.74757E-03 9.34691E-01 3.56308E+02 
1.70023E+02 2.68875E-03 9.24926E-01 3.54687E+02 
1.78119E+02 2.62790E-03 9.14333E-01 3.52842E+02 
1.86215E+02 2.56517E-03 9.02903E-01 3.50759E+02 
1.94312E+02 2.50068E-03 8.90633E-01 3.48424E+02 
2.02408E+02 2.43460E-03 8.77524E-01 3.45823E+02 
2.10504E+02 2.36708E-03 8.63583E-01 3.42945E+02 
2.18601E+02 2.29828E-03 8.48821E-01 3.39777E+02 
2.26697E+02 2.22837E-03 8.33255E-01 3.36310E+02 
2.34793E+02 2.15752E-03 8.16907E-01 3.32538E+02 
2.42890E+02 2.08591E-03 7.99803E-01 3.28452E+02 
2.50986E+02 2.01372E-03 7.81975E-01 3.24049E+02 
2.59082E+02 1.94112E-03 7.63460E-01 3.19327E+02 
2.67179E+02 1.86830E-03 7.44300E-01 3.14285E+02 
2.75275E+02 1.79544E-03 7.24538E-01 3.08924E+02 
2.83371E+02 1.72273E-03 7.04228E-01 3.03251E+02 
2.91468E+02 1.65038E-03 6.83434E-01 2.97274E+02 
2.99564E+02 1.57857E-03 6.62213E-01 2.91003E+02 
3.07660E+02 1.50745E-03 6.40622E-01 2.84447E+02 
3.15757E+02 1.43719E-03 6.18721E-01 2.77620E+02 
3.23853E+02 1.36794E-03 5.96573E-01 2.70537E+02 
3.31949E+02 1.29983E-03 5.74242E-01 2.63215E+02 
3.40046E+02 1.23301E-03 5.51791E-01 2.55671E+02 
3.48142E+02 1.16760E-03 5.29286E-01 2.47927E+02 
3.56238E+02 1.10373E-03 5.06792E-01 2.40005E+02 
3.64335E+02 1.04150E-03 4.84372E-01 2.31928E+02 
3.72431E+02 9.81011E-04 4.62091E-01 2.23720E+02 
3.80527E+02 9.22353E-04 4.40009E-01 2.15406E+02 
3.88624E+02 8.65603E-04 4.18185E-01 2.07014E+02 
3.96720E+02 8.10827E-04 3.96678E-01 1.98569E+02 
4.04816E+02 7.58080E-04 3.75540E-01 1.90097E+02 
4.12913E+02 7.07405E-04 3.54822E-01 1.81627E+02 
4.21009E+02 6.58836E-04 3.34572E-01 1.73184E+02 
4.29105E+02 6.12393E-04 3.14833E-01 1.64794E+02 
4.37202E+02 5.68088E-04 2.95643E-01 1.56482E+02 
4.45298E+02 5.25923E-04 2.77039E-01 1.48274E+02 
4.53394E+02 4.85887E-04 2.59051E-01 1.40191E+02 
4.61491E+02 4.47964E-04 2.41705E-01 1.32257E+02 
4.69587E+02 4.12128E-04 2.25023E-01 1.24491E+02 
4.77683E+02 3.78342E-04 2.09022E-01 1.16913E+02 
4.85779E+02 3.46567E-04 1.93716E-01 1.09540E+02 
4.93876E+02 3.16754E-04 1.79114E-01 1.02388E+02 
5.01972E+02 2.88848E-04 1.65221E-01 9.54708E+01 
5.10068E+02 2.62791E-04 1.52037E-01 8.87999E+01 
5.18165E+02 2.38519E-04 1.39559E-01 8.23854E+01 
5.26261E+02 2.15965E-04 1.27782E-01 7.62357E+01 
5.34357E+02 1.95057E-04 1.16696E-01 7.03571E+01 
5.42454E+02 1.75725E-04 1.06288E-01 6.47541E+01 
5.50550E+02 1.57894E-04 9.65442E-02 5.94294E+01 
5.58646E+02 1.41487E-04 8.74463E-02 5.43841E+01 
5.66743E+02 1.26431E-04 7.89750E-02 4.96178E+01 
5.74839E+02 1.12649E-04 7.11090E-02 4.51283E+01 
5.82935E+02 1.00065E-04 6.38255E-02 4.09124E+01 
5.91032E+02 8.86075E-05 5.71006E-02 3.69654E+01 
5.99128E+02 7.82021E-05 5.09093E-02 3.32814E+01 
6.07224E+02 6.87786E-05 4.52259E-02 2.98537E+01 
6.15321E+02 6.02685E-05 4.00245E-02 2.66745E+01 
6.23417E+02 5.26053E-05 3.52787E-02 2.37354E+01 
6.31513E+02 4.57254E-05 3.09623E-02 2.10273E+01 
6.39610E+02 3.95678E-05 2.70492E-02 1.85406E+01 
6.47706E+02 3.40744E-05 2.35138E-02 1.62652E+01 
6.55802E+02 2.91903E-05 2.03309E-02 1.41910E+01 
6.63899E+02 2.48631E-05 1.74760E-02 1.23074E+01 
6.71995E+02 2.10440E-05 1.49254E-02 1.06039E+01 
6.80091E+02 1.76870E-05 1.26562E-02 9.07002E+00 
6.88188E+02 1.47491E-05 1.06466E-02 7.69530E+00 
6.96284E+02 1.21904E-05 8.87556E-03 6.46950E+00 
7.04380E+02 9.97374E-06 7.32337E-03 5.38260E+00 
7.12477E+02 8.06486E-06 5.97127E-03 4.42485E+00 
7.20573E+02 6.43219E-06 4.80160E-03 3.58688E+00 
7.28669E+02 5.04674E-06 3.79782E-03 2.85963E+00 
7.36766E+02 3.88198E-06 2.94453E-03 2.23450E+00 
7.44862E+02 2.91371E-06 2.22735E-03 1.70329E+00 
7.52958E+02 2.11994E-06 1.63299E-03 1.25825E+00 
7.61055E+02 1.48072E-06 1.14920E-03 8.92082E-01 
7.69151E+02 9.78031E-07 7.64676E-04 5.97948E-01 
7.77247E+02 5.95652E-07 4.69097E-04 3.69463E-01 
7.85344E+02 3.19016E-07 2.53029E-04 2.00701E-01 
7.93440E+02 1.35077E-07 1.07887E-04 8.61724E-02 
8.01536E+02 3.21912E-08 2.58883E-05 2.08196E-02 
