100 2 
0.00000E+00 3.40409E-03 1.00000E+00 3.60133E+02 
8.03646E+00 3.40242E-03 9.99991E-01 3.60133E+02 
1.60729E+01 3.39742E-03 9.99928E-01 3.60132E+02 
2.41094E+01 3.38908E-03 9.99759E-01 3.60128E+02 
3.21458E+01 3.37743E-03 9.99429E-01 3.60119E+02 
4.01823E+01 3.36248E-03 9.98886E-01 3.60099E+02 
4.82188E+01 3.34425E-03 9.98078E-01 3.60063E+02 
5.62552E+01 3.32277E-03 9.96954E-01 3.60004E+02 
6.42917E+01 3.29807E-03 9.95463E-01 3.59914E+02 
7.23281E+01 3.27019E-03 9.93556E-01 3.59784E+02 
8.03646E+01 3.23918E-03 9.91187E-01 3.59602E+02 
8.84011E+01 3.20509E-03 9.88308E-01 3.59359E+02 
9.64375E+01 3.16797E-03 9.84876E-01 3.59042E+02 
1.04474E+02 3.12790E-03 9.80848E-01 3.58637E+02 
1.12510E+02 3.08494E-03 9.76186E-01 3.58130E+02 
1.20547E+02 3.03918E-03 9.70851E-01 3.57508E+02 
1.28583E+02 2.99070E-03 9.64811E-01 3.56755E+02 
1.36620E+02 2.93960E-03 9.58034E-01 3.55856E+02 
1.44656E+02 2.88599E-03 9.50492E-01 3.54795E+02 
1.52693E+02 2.82998E-03 9.42163E-01 3.53556E+02 
1.60729E+02 2.77169E-03 9.33027E-01 3.52124E+02 
1.68766E+02 2.71125E-03 9.23068E-01 3.50483E+02 
1.76802E+02 2.64879E-03 9.12275E-01 3.48617E+02 
1.84839E+02 2.58446E-03 9.00642E-01 3.46513E+02 
1.92875E+02 2.51842E-03 8.88168E-01 3.44157E+02 
2.00912E+02 2.45081E-03 8.74855E-01 3.41535E+02 
2.08948E+02 2.38180E-03 8.60713E-01 3.38636E+02 
2.16984E+02 2.31157E-03 8.45754E-01 3.35450E+02 
2.25021E+02 2.24028E-03 8.29998E-01 3.31967E+02 
2.33057E+02 2.16811E-03 8.13468E-01 3.28181E+02 
2.41094E+02 2.09524E-03 7.96193E-01 3.24085E+02 
2.49130E+02 2.02186E-03 7.78205E-01 3.19675E+02 
2.57167E+02 1.94814E-03 7.59544E-01 3.14951E+02 
2.65203E+02 1.87427E-03 7.40251E-01 3.09911E+02 
2.73240E+02 1.80044E-03 7.20372E-01 3.04559E+02 
2.81276E+02 1.72681E-03 6.99960E-01 2.98899E+02 
2.89313E+02 1.65359E-03 6.79069E-01 2.92939E+02 
2.97349E+02 1.58098E-03 6.57770E-01 2.86691E+02 
3.05386E+02 1.50914E-03 6.36122E-01 2.80167E+02 
3.13422E+02 1.43824E-03 6.14184E-01 2.73379E+02 
3.21458E+02 1.36841E-03 5.92020E-01 2.66343E+02 
3.29495E+02 1.29981E-03 5.69692E-01 2.59076E+02 
3.37531E+02 1.23256E-03 5.47264E-01 2.51596E+02 
3.45568E+02 1.16678E-03 5.24800E-01 2.43923E+02 
3.53604E+02 1.10261E-03 5.02366E-01 2.36081E+02 
3.61641E+02 1.04013E-03 4.80023E-01 2.28090E+02 
3.69677E+02 9.79439E-04 4.57833E-01 2.19977E+02 
3.77714E+02 9.20631E-04 4.35858E-01 2.11765E+02 
3.85750E+02 8.63772E-04 4.14155E-01 2.03480E+02 
3.93787E+02 8.08926E-04 3.92779E-01 1.95149E+02 
4.01823E+02 7.56143E-04 3.71783E-01 1.86797E+02 
4.09859E+02 7.05462E-04 3.51216E-01 1.78450E+02 
4.17896E+02 6.56913E-04 3.31124E-01 1.70135E+02 
4.25932E+02 6.10512E-04 3.11548E-01 1.61876E+02 
4.33969E+02 5.66268E-04 2.92527E-01 1.53698E+02 
4.42005E+02 5.24179E-04 2.74094E-01 1.45625E+02 
4.50042E+02 4.84232E-04 2.56278E-01 1.37679E+02 
4.58078E+02 4.46406E-04 2.39104E-01 1.29882E+02 
4.66115E+02 4.10673E-04 2.22593E-01 1.22253E+02 
4.74151E+02 3.76996E-04 2.06762E-01 1.14810E+02 
4.82188E+02 3.45330E-04 1.91622E-01 1.07571E+02 
4.90224E+02 3.15627E-04 1.77181E-01 1.00550E+02 
4.98261E+02 2.87830E-04 1.63444E-01 9.37613E+01 
5.06297E+02 2.61878E-04 1.50410E-01 8.72152E+01 
5.14333E+02 2.37708E-04 1.38077E-01 8.09218E+01 
5.22370E+02 2.15250E-04 1.26437E-01 7.48887E+01 
5.30406E+02 1.94434E-04 1.15481E-01 6.91219E+01 
5.38443E+02 1.75187E-04 1.05196E-01 6.36258E+01 
5.46479E+02 1.57434E-04 9.55664E-02 5.84026E+01 
5.54516E+02 1.41100E-04 8.65754E-02 5.34535E+01 
5.62552E+02 1.26108E-04 7.82032E-02 4.87778E+01 
5.70589E+02 1.12385E-04 7.04285E-02 4.43733E+01 
5.78625E+02 9.98537E-05 6.32289E-02 4.02367E+01 
5.86662E+02 8.84415E-05 5.65804E-02 3.63634E+01 
5.94698E+02 7.80759E-05 5.04583E-02 3.27475E+01 
6.02735E+02 6.86867E-05 4.48375E-02 2.93826E+01 
6.10771E+02 6.02054E-05 3.96920E-02 2.62609E+01 
6.18807E+02 5.25664E-05 3.49961E-02 2.33742E+01 
6.26844E+02 4.57062E-05 3.07239E-02 2.07136E+01 
6.34880E+02 3.95643E-05 2.68497E-02 1.82698E+01 
6.42917E+02 3.40832E-05 2.33483E-02 1.60330E+01 
6.50953E+02 2.92082E-05 2.01948E-02 1.39931E+01 
6.58990E+02 2.48874E-05 1.73652E-02 1.21400E+01 
6.67026E+02 2.10725E-05 1.48362E-02 1.04634E+01 
6.75063E+02 1.77177E-05 1.25853E-02 8.95314E+00 
6.83099E+02 1.47805E-05 1.05909E-02 7.59898E+00 
6.91136E+02 1.22211E-05 8.83261E-03 6.39095E+00 
6.99172E+02 1.00028E-05 7.29078E-03 5.31928E+00 
7.07209E+02 8.09163E-06 5.94704E-03 4.37450E+00 
7.15245E+02 6.45614E-06 4.78401E-03 3.54744E+00 
7.23281E+02 5.06758E-06 3.78542E-03 2.82930E+00 
7.31318E+02 3.89958E-06 2.93608E-03 2.21167E+00 
7.39354E+02 2.92810E-06 2.22184E-03 1.68654E+00 
7.47391E+02 2.13126E-06 1.62960E-03 1.24637E+00 
7.55427E+02 1.48921E-06 1.14725E-03 8.83999E-01 
7.63464E+02 9.84022E-07 7.63676E-04 5.92756E-01 
7.71500E+02 5.99533E-07 4.68664E-04 3.66395E-01 
7.79537E+02 3.21216E-07 2.52891E-04 1.99109E-01 
7.87573E+02 1.36058E-07 1.07867E-04 8.55198E-02 
7.95610E+02 3.24368E-08 2.58929E-05 2.06693E-02 
