100 2 
0.00000E+00 3.46308E-03 1.00000E+00 3.54966E+02 
7.95879E+00 3.46132E-03 9.99991E-01 3.54966E+02 
1.59176E+01 3.45606E-03 9.99925E-01 3.54965E+02 
2.38764E+01 3.44729E-03 9.99749E-01 3.54961E+02 
3.18352E+01 3.43504E-03 9.99405E-01 3.54952E+02 
3.97940E+01 3.41933E-03 9.98840E-01 3.54931E+02 
4.77528E+01 3.40018E-03 9.98000E-01 3.54894E+02 
5.57115E+01 3.37762E-03 9.96831E-01 3.54834E+02 
6.36703E+01 3.35171E-03 9.95281E-01 3.54741E+02 
7.16291E+01 3.32248E-03 9.93302E-01 3.54607E+02 
7.95879E+01 3.28999E-03 9.90843E-01 3.54420E+02 
8.75467E+01 3.25430E-03 9.87859E-01 3.54171E+02 
9.55055E+01 3.21548E-03 9.84304E-01 3.53845E+02 
1.03464E+02 3.17362E-03 9.80137E-01 3.53430E+02 
1.11423E+02 3.12878E-03 9.75318E-01 3.52912E+02 
1.19382E+02 3.08107E-03 9.69810E-01 3.52276E+02 
1.27341E+02 3.03059E-03 9.63581E-01 3.51507E+02 
1.35299E+02 2.97745E-03 9.56601E-01 3.50589E+02 
1.43258E+02 2.92176E-03 9.48842E-01 3.49508E+02 
1.51217E+02 2.86365E-03 9.40285E-01 3.48248E+02 
1.59176E+02 2.80325E-03 9.30910E-01 3.46792E+02 
1.67135E+02 2.74071E-03 9.20704E-01 3.45127E+02 
1.75093E+02 2.67616E-03 9.09658E-01 3.43236E+02 
1.83052E+02 2.60978E-03 8.97769E-01 3.41106E+02 
1.91011E+02 2.54171E-03 8.85037E-01 3.38725E+02 
1.98970E+02 2.47212E-03 8.71468E-01 3.36078E+02 
2.06929E+02 2.40120E-03 8.57073E-01 3.33156E+02 
2.14887E+02 2.32911E-03 8.41868E-01 3.29949E+02 
2.22846E+02 2.25603E-03 8.25874E-01 3.26448E+02 
2.30805E+02 2.18216E-03 8.09116E-01 3.22646E+02 
2.38764E+02 2.10767E-03 7.91626E-01 3.18539E+02 
2.46723E+02 2.03274E-03 7.73440E-01 3.14124E+02 
2.54681E+02 1.95758E-03 7.54596E-01 3.09400E+02 
2.62640E+02 1.88236E-03 7.35139E-01 3.04367E+02 
2.70599E+02 1.80727E-03 7.15118E-01 2.99028E+02 
2.78558E+02 1.73248E-03 6.94584E-01 2.93389E+02 
2.86517E+02 1.65818E-03 6.73591E-01 2.87458E+02 
2.94475E+02 1.58453E-03 6.52198E-01 2.81243E+02 
3.02434E+02 1.51175E-03 6.30477E-01 2.74760E+02 
3.10393E+02 1.44001E-03 6.08493E-01 2.68024E+02 
3.18352E+02 1.36944E-03 5.86309E-01 2.61050E+02 
3.26310E+02 1.30018E-03 5.63986E-01 2.53854E+02 
3.34269E+02 1.23236E-03 5.41588E-01 2.46456E+02 
3.42228E+02 1.16611E-03 5.19178E-01 2.38876E+02 
3.50187E+02 1.10152E-03 4.96820E-01 2.31136E+02 
3.58146E+02 1.03871E-03 4.74575E-01 2.23257E+02 
3.66104E+02 9.77757E-04 4.52503E-01 2.15265E+02 
3.74063E+02 9.18741E-04 4.30664E-01 2.07183E+02 
3.82022E+02 8.61731E-04 4.09113E-01 1.99036E+02 
3.89981E+02 8.06783E-04 3.87904E-01 1.90849E+02 
3.97940E+02 7.53941E-04 3.67088E-01 1.82649E+02 
4.05898E+02 7.03240E-04 3.46712E-01 1.74460E+02 
4.13857E+02 6.54704E-04 3.26820E-01 1.66307E+02 
4.21816E+02 6.08346E-04 3.07451E-01 1.58214E+02 
4.29775E+02 5.64167E-04 2.88641E-01 1.50205E+02 
4.37734E+02 5.22163E-04 2.70423E-01 1.42304E+02 
4.45692E+02 4.82317E-04 2.52824E-01 1.34530E+02 
4.53651E+02 4.44604E-04 2.35867E-01 1.26905E+02 
4.61610E+02 4.08992E-04 2.19571E-01 1.19449E+02 
4.69569E+02 3.75441E-04 2.03952E-01 1.12177E+02 
4.77527E+02 3.43905E-04 1.89019E-01 1.05106E+02 
4.85486E+02 3.14332E-04 1.74781E-01 9.82504E+01 
4.93445E+02 2.86663E-04 1.61239E-01 9.16227E+01 
5.01404E+02 2.60836E-04 1.48394E-01 8.52335E+01 
5.09363E+02 2.36786E-04 1.36240E-01 7.90919E+01 
5.17321E+02 2.14443E-04 1.24772E-01 7.32050E+01 
5.25280E+02 1.93735E-04 1.13978E-01 6.75785E+01 
5.33239E+02 1.74589E-04 1.03845E-01 6.22162E+01 
5.41198E+02 1.56929E-04 9.43587E-02 5.71204E+01 
5.49157E+02 1.40679E-04 8.55007E-02 5.22916E+01 
5.57115E+02 1.25764E-04 7.72518E-02 4.77292E+01 
5.65074E+02 1.12109E-04 6.95907E-02 4.34310E+01 
5.73033E+02 9.96386E-05 6.24950E-02 3.93936E+01 
5.80992E+02 8.82793E-05 5.59413E-02 3.56124E+01 
5.88951E+02 7.79596E-05 4.99052E-02 3.20818E+01 
5.96909E+02 6.86092E-05 4.43617E-02 2.87952E+01 
6.04868E+02 6.01605E-05 3.92856E-02 2.57453E+01 
6.12827E+02 5.25482E-05 3.46514E-02 2.29240E+01 
6.20786E+02 4.57095E-05 3.04337E-02 2.03228E+01 
6.28745E+02 3.95844E-05 2.66074E-02 1.79325E+01 
6.36703E+02 3.41158E-05 2.31478E-02 1.57438E+01 
6.44662E+02 2.92496E-05 2.00305E-02 1.37468E+01 
6.52621E+02 2.49347E-05 1.72319E-02 1.19317E+01 
6.60580E+02 2.11227E-05 1.47294E-02 1.02887E+01 
6.68539E+02 1.77688E-05 1.25007E-02 8.80785E+00 
6.76497E+02 1.48305E-05 1.05250E-02 7.47929E+00 
6.84456E+02 1.22688E-05 8.78199E-03 6.29338E+00 
6.92415E+02 1.00471E-05 7.25270E-03 5.24069E+00 
7.00374E+02 8.13164E-06 5.91900E-03 4.31204E+00 
7.08332E+02 6.49145E-06 4.76391E-03 3.49856E+00 
7.16291E+02 5.09796E-06 3.77146E-03 2.79173E+00 
7.24250E+02 3.92502E-06 2.92676E-03 2.18341E+00 
7.32209E+02 2.94873E-06 2.21592E-03 1.66584E+00 
7.40168E+02 2.14739E-06 1.62609E-03 1.23169E+00 
7.48126E+02 1.50125E-06 1.14537E-03 8.74028E-01 
7.56085E+02 9.92480E-07 7.62804E-04 5.86362E-01 
7.64044E+02 6.04986E-07 4.68359E-04 3.62620E-01 
7.72003E+02 3.24296E-07 2.52849E-04 1.97152E-01 
7.79962E+02 1.37428E-07 1.07901E-04 8.47198E-02 
7.87920E+02 3.27785E-08 2.59128E-05 2.04853E-02 
