100 2 
0.00000E+00 3.57037E-03 1.00000E+00 3.45891E+02 
7.81844E+00 3.56845E-03 9.99990E-01 3.45891E+02 
1.56369E+01 3.56272E-03 9.99920E-01 3.45890E+02 
2.34553E+01 3.55317E-03 9.99731E-01 3.45886E+02 
3.12738E+01 3.53984E-03 9.99364E-01 3.45876E+02 
3.90922E+01 3.52274E-03 9.98760E-01 3.45855E+02 
4.69107E+01 3.50192E-03 9.97862E-01 3.45816E+02 
5.47291E+01 3.47743E-03 9.96615E-01 3.45752E+02 
6.25475E+01 3.44931E-03 9.94964E-01 3.45655E+02 
7.03660E+01 3.41764E-03 9.92857E-01 3.45515E+02 
7.81844E+01 3.38248E-03 9.90243E-01 3.45320E+02 
8.60029E+01 3.34391E-03 9.87075E-01 3.45060E+02 
9.38213E+01 3.30202E-03 9.83306E-01 3.44721E+02 
1.01640E+02 3.25692E-03 9.78896E-01 3.44289E+02 
1.09458E+02 3.20870E-03 9.73805E-01 3.43751E+02 
1.17277E+02 3.15749E-03 9.67997E-01 3.43092E+02 
1.25095E+02 3.10340E-03 9.61440E-01 3.42297E+02 
1.32914E+02 3.04657E-03 9.54107E-01 3.41351E+02 
1.40732E+02 2.98714E-03 9.45974E-01 3.40238E+02 
1.48550E+02 2.92525E-03 9.37021E-01 3.38942E+02 
1.56369E+02 2.86107E-03 9.27234E-01 3.37449E+02 
1.64187E+02 2.79474E-03 9.16603E-01 3.35745E+02 
1.72006E+02 2.72646E-03 9.05123E-01 3.33815E+02 
1.79824E+02 2.65638E-03 8.92793E-01 3.31645E+02 
1.87643E+02 2.58468E-03 8.79620E-01 3.29224E+02 
1.95461E+02 2.51156E-03 8.65612E-01 3.26540E+02 
2.03279E+02 2.43720E-03 8.50786E-01 3.23584E+02 
2.11098E+02 2.36178E-03 8.35160E-01 3.20346E+02 
2.18916E+02 2.28551E-03 8.18761E-01 3.16820E+02 
2.26735E+02 2.20858E-03 8.01619E-01 3.12999E+02 
2.34553E+02 2.13119E-03 7.83767E-01 3.08882E+02 
2.42372E+02 2.05352E-03 7.65246E-01 3.04464E+02 
2.50190E+02 1.97576E-03 7.46098E-01 2.99748E+02 
2.58009E+02 1.89812E-03 7.26369E-01 2.94735E+02 
2.65827E+02 1.82078E-03 7.06111E-01 2.89429E+02 
2.73645E+02 1.74391E-03 6.85378E-01 2.83836E+02 
2.81464E+02 1.66770E-03 6.64225E-01 2.77964E+02 
2.89282E+02 1.59231E-03 6.42711E-01 2.71825E+02 
2.97101E+02 1.51790E-03 6.20897E-01 2.65429E+02 
3.04919E+02 1.44464E-03 5.98845E-01 2.58791E+02 
3.12738E+02 1.37269E-03 5.76624E-01 2.51928E+02 
3.20556E+02 1.30221E-03 5.54310E-01 2.44863E+02 
3.28375E+02 1.23334E-03 5.31964E-01 2.37612E+02 
3.36193E+02 1.16617E-03 5.09648E-01 2.30197E+02 
3.44011E+02 1.10082E-03 4.87422E-01 2.22638E+02 
3.51830E+02 1.03737E-03 4.65346E-01 2.14957E+02 
3.59648E+02 9.75891E-04 4.43478E-01 2.07178E+02 
3.67467E+02 9.16462E-04 4.21873E-01 1.99324E+02 
3.75285E+02 8.59136E-04 4.00585E-01 1.91418E+02 
3.83104E+02 8.03960E-04 3.79664E-01 1.83485E+02 
3.90922E+02 7.50969E-04 3.59158E-01 1.75549E+02 
3.98741E+02 7.00188E-04 3.39109E-01 1.67634E+02 
4.06559E+02 6.51631E-04 3.19559E-01 1.59762E+02 
4.14377E+02 6.05303E-04 3.00545E-01 1.51958E+02 
4.22196E+02 5.61199E-04 2.82098E-01 1.44242E+02 
4.30014E+02 5.19303E-04 2.64247E-01 1.36636E+02 
4.37833E+02 4.79594E-04 2.47018E-01 1.29160E+02 
4.45651E+02 4.42040E-04 2.30430E-01 1.21833E+02 
4.53470E+02 4.06603E-04 2.14500E-01 1.14672E+02 
4.61288E+02 3.73238E-04 1.99241E-01 1.07694E+02 
4.69107E+02 3.41895E-04 1.84662E-01 1.00912E+02 
4.76925E+02 3.12515E-04 1.70766E-01 9.43393E+01 
4.84743E+02 2.85039E-04 1.57556E-01 8.79878E+01 
4.92562E+02 2.59401E-04 1.45029E-01 8.18670E+01 
5.00380E+02 2.35533E-04 1.33180E-01 7.59848E+01 
5.08199E+02 2.13362E-04 1.22001E-01 7.03477E+01 
5.16017E+02 1.92817E-04 1.11480E-01 6.49605E+01 
5.23836E+02 1.73821E-04 1.01605E-01 5.98264E+01 
5.31654E+02 1.56299E-04 9.23589E-02 5.49473E+01 
5.39472E+02 1.40176E-04 8.37246E-02 5.03234E+01 
5.47291E+02 1.25374E-04 7.56824E-02 4.59538E+01 
5.55109E+02 1.11819E-04 6.82117E-02 4.18363E+01 
5.62928E+02 9.94361E-05 6.12902E-02 3.79674E+01 
5.70746E+02 8.81524E-05 5.48948E-02 3.43426E+01 
5.78565E+02 7.78967E-05 4.90020E-02 3.09566E+01 
5.86383E+02 6.85997E-05 4.35874E-02 2.78030E+01 
5.94202E+02 6.01945E-05 3.86263E-02 2.48749E+01 
6.02020E+02 5.26165E-05 3.40944E-02 2.21645E+01 
6.09838E+02 4.58039E-05 2.99669E-02 1.96638E+01 
6.17657E+02 3.96976E-05 2.62197E-02 1.73642E+01 
6.25475E+02 3.42415E-05 2.28287E-02 1.52567E+01 
6.33294E+02 2.93821E-05 1.97707E-02 1.33322E+01 
6.41112E+02 2.50693E-05 1.70228E-02 1.15815E+01 
6.48931E+02 2.12556E-05 1.45632E-02 9.99520E+00 
6.56749E+02 1.78966E-05 1.23707E-02 8.56397E+00 
6.64568E+02 1.49509E-05 1.04248E-02 7.27858E+00 
6.72386E+02 1.23798E-05 8.70635E-03 6.12996E+00 
6.80204E+02 1.01475E-05 7.19682E-03 5.10920E+00 
6.88023E+02 8.22065E-06 5.87884E-03 4.20768E+00 
6.95841E+02 6.56872E-06 4.73600E-03 3.41701E+00 
7.03660E+02 5.16353E-06 3.75286E-03 2.72916E+00 
7.11478E+02 3.97925E-06 2.91504E-03 2.13644E+00 
7.19297E+02 2.99230E-06 2.20911E-03 1.63150E+00 
7.27115E+02 2.18114E-06 1.62258E-03 1.20740E+00 
7.34934E+02 1.52626E-06 1.14394E-03 8.57568E-01 
7.42752E+02 1.00994E-06 7.62545E-04 5.75836E-01 
7.50570E+02 6.16179E-07 4.68618E-04 3.56426E-01 
7.58389E+02 3.30588E-07 2.53211E-04 1.93954E-01 
7.66207E+02 1.40217E-07 1.08149E-04 8.34175E-02 
7.74026E+02 3.34718E-08 2.59943E-05 2.01873E-02 
