100 2 
0.00000E+00 3.36550E-03 1.00000E+00 3.63586E+02 
8.08756E+00 3.36388E-03 9.99991E-01 3.63586E+02 
1.61751E+01 3.35905E-03 9.99931E-01 3.63585E+02 
2.42627E+01 3.35100E-03 9.99766E-01 3.63582E+02 
3.23502E+01 3.33974E-03 9.99445E-01 3.63572E+02 
4.04378E+01 3.32528E-03 9.98916E-01 3.63553E+02 
4.85253E+01 3.30766E-03 9.98130E-01 3.63518E+02 
5.66129E+01 3.28688E-03 9.97036E-01 3.63460E+02 
6.47004E+01 3.26298E-03 9.95584E-01 3.63372E+02 
7.27880E+01 3.23599E-03 9.93726E-01 3.63244E+02 
8.08756E+01 3.20594E-03 9.91416E-01 3.63066E+02 
8.89631E+01 3.17290E-03 9.88608E-01 3.62827E+02 
9.70507E+01 3.13689E-03 9.85257E-01 3.62515E+02 
1.05138E+02 3.09800E-03 9.81323E-01 3.62117E+02 
1.13226E+02 3.05627E-03 9.76765E-01 3.61619E+02 
1.21313E+02 3.01179E-03 9.71547E-01 3.61007E+02 
1.29401E+02 2.96462E-03 9.65633E-01 3.60265E+02 
1.37488E+02 2.91487E-03 9.58992E-01 3.59378E+02 
1.45576E+02 2.86263E-03 9.51597E-01 3.58331E+02 
1.53664E+02 2.80800E-03 9.43421E-01 3.57107E+02 
1.61751E+02 2.75109E-03 9.34445E-01 3.55691E+02 
1.69839E+02 2.69203E-03 9.24652E-01 3.54067E+02 
1.77926E+02 2.63095E-03 9.14030E-01 3.52219E+02 
1.86014E+02 2.56798E-03 9.02570E-01 3.50133E+02 
1.94101E+02 2.50327E-03 8.90269E-01 3.47795E+02 
2.02189E+02 2.43696E-03 8.77130E-01 3.45191E+02 
2.10276E+02 2.36922E-03 8.63159E-01 3.42309E+02 
2.18364E+02 2.30021E-03 8.48368E-01 3.39138E+02 
2.26452E+02 2.23010E-03 8.32774E-01 3.35670E+02 
2.34539E+02 2.15906E-03 8.16399E-01 3.31895E+02 
2.42627E+02 2.08726E-03 7.99269E-01 3.27807E+02 
2.50714E+02 2.01490E-03 7.81418E-01 3.23404E+02 
2.58802E+02 1.94214E-03 7.62882E-01 3.18681E+02 
2.66889E+02 1.86916E-03 7.43701E-01 3.13639E+02 
2.74977E+02 1.79616E-03 7.23922E-01 3.08280E+02 
2.83064E+02 1.72331E-03 7.03595E-01 3.02608E+02 
2.91152E+02 1.65083E-03 6.82787E-01 2.96633E+02 
2.99240E+02 1.57891E-03 6.61554E-01 2.90365E+02 
3.07327E+02 1.50768E-03 6.39955E-01 2.83814E+02 
3.15415E+02 1.43733E-03 6.18049E-01 2.76993E+02 
3.23502E+02 1.36799E-03 5.95899E-01 2.69917E+02 
3.31590E+02 1.29981E-03 5.73568E-01 2.62602E+02 
3.39677E+02 1.23293E-03 5.51120E-01 2.55068E+02 
3.47765E+02 1.16747E-03 5.28621E-01 2.47335E+02 
3.55852E+02 1.10355E-03 5.06136E-01 2.39424E+02 
3.63940E+02 1.04128E-03 4.83727E-01 2.31360E+02 
3.72028E+02 9.80767E-04 4.61459E-01 2.23165E+02 
3.80115E+02 9.22087E-04 4.39393E-01 2.14867E+02 
3.88203E+02 8.65322E-04 4.17587E-01 2.06490E+02 
3.96290E+02 8.10536E-04 3.96099E-01 1.98062E+02 
4.04378E+02 7.57784E-04 3.74982E-01 1.89608E+02 
4.12465E+02 7.07109E-04 3.54287E-01 1.81156E+02 
4.20553E+02 6.58542E-04 3.34060E-01 1.72732E+02 
4.28640E+02 6.12107E-04 3.14345E-01 1.64361E+02 
4.36728E+02 5.67811E-04 2.95180E-01 1.56070E+02 
4.44816E+02 5.25657E-04 2.76601E-01 1.47881E+02 
4.52903E+02 4.85635E-04 2.58639E-01 1.39819E+02 
4.60991E+02 4.47727E-04 2.41318E-01 1.31904E+02 
4.69078E+02 4.11906E-04 2.24662E-01 1.24159E+02 
4.77166E+02 3.78137E-04 2.08686E-01 1.16601E+02 
4.85253E+02 3.46379E-04 1.93405E-01 1.09248E+02 
4.93341E+02 3.16582E-04 1.78827E-01 1.02116E+02 
5.01428E+02 2.88693E-04 1.64956E-01 9.52171E+01 
5.09516E+02 2.62652E-04 1.51795E-01 8.85646E+01 
5.17604E+02 2.38395E-04 1.39338E-01 8.21681E+01 
5.25691E+02 2.15855E-04 1.27582E-01 7.60357E+01 
5.33779E+02 1.94962E-04 1.16515E-01 7.01737E+01 
5.41866E+02 1.75642E-04 1.06125E-01 6.45865E+01 
5.49954E+02 1.57823E-04 9.63985E-02 5.92769E+01 
5.58041E+02 1.41427E-04 8.73164E-02 5.42459E+01 
5.66129E+02 1.26381E-04 7.88599E-02 4.94930E+01 
5.74216E+02 1.12607E-04 7.10074E-02 4.50162E+01 
5.82304E+02 1.00032E-04 6.37365E-02 4.08121E+01 
5.90392E+02 8.85809E-05 5.70229E-02 3.68759E+01 
5.98479E+02 7.81817E-05 5.08419E-02 3.32021E+01 
6.06567E+02 6.87635E-05 4.51678E-02 2.97837E+01 
6.14654E+02 6.02578E-05 3.99748E-02 2.66130E+01 
6.22742E+02 5.25983E-05 3.52364E-02 2.36817E+01 
6.30829E+02 4.57214E-05 3.09266E-02 2.09807E+01 
6.38917E+02 3.95663E-05 2.70193E-02 1.85003E+01 
6.47004E+02 3.40749E-05 2.34890E-02 1.62307E+01 
6.55092E+02 2.91921E-05 2.03105E-02 1.41616E+01 
6.63180E+02 2.48661E-05 1.74594E-02 1.22825E+01 
6.71267E+02 2.10477E-05 1.49120E-02 1.05830E+01 
6.79355E+02 1.76911E-05 1.26455E-02 9.05264E+00 
6.87442E+02 1.47533E-05 1.06382E-02 7.68097E+00 
6.95530E+02 1.21946E-05 8.86906E-03 6.45782E+00 
7.03617E+02 9.97774E-06 7.31843E-03 5.37317E+00 
7.11705E+02 8.06857E-06 5.96758E-03 4.41736E+00 
7.19792E+02 6.43553E-06 4.79891E-03 3.58100E+00 
7.27880E+02 5.04966E-06 3.79593E-03 2.85511E+00 
7.35968E+02 3.88446E-06 2.94322E-03 2.23110E+00 
7.44055E+02 2.91575E-06 2.22649E-03 1.70080E+00 
7.52143E+02 2.12154E-06 1.63246E-03 1.25648E+00 
7.60230E+02 1.48192E-06 1.14888E-03 8.90875E-01 
7.68318E+02 9.78881E-07 7.64512E-04 5.97173E-01 
7.76405E+02 5.96204E-07 4.69023E-04 3.69005E-01 
7.84493E+02 3.19330E-07 2.53003E-04 2.00464E-01 
7.92581E+02 1.35216E-07 1.07881E-04 8.60747E-02 
8.00668E+02 3.22262E-08 2.58884E-05 2.07971E-02 
