100 2 
0.00000E+00 3.47641E-03 1.00000E+00 3.53816E+02 
7.94130E+00 3.47463E-03 9.99991E-01 3.53816E+02 
1.58826E+01 3.46931E-03 9.99925E-01 3.53815E+02 
2.38239E+01 3.46045E-03 9.99747E-01 3.53811E+02 
3.17652E+01 3.44806E-03 9.99400E-01 3.53802E+02 
3.97065E+01 3.43218E-03 9.98830E-01 3.53781E+02 
4.76478E+01 3.41282E-03 9.97982E-01 3.53744E+02 
5.55891E+01 3.39002E-03 9.96803E-01 3.53683E+02 
6.35304E+01 3.36383E-03 9.95241E-01 3.53590E+02 
7.14717E+01 3.33430E-03 9.93245E-01 3.53454E+02 
7.94130E+01 3.30147E-03 9.90767E-01 3.53267E+02 
8.73543E+01 3.26543E-03 9.87759E-01 3.53016E+02 
9.52956E+01 3.22623E-03 9.84177E-01 3.52689E+02 
1.03237E+02 3.18395E-03 9.79979E-01 3.52271E+02 
1.11178E+02 3.13870E-03 9.75125E-01 3.51751E+02 
1.19119E+02 3.09055E-03 9.69579E-01 3.51111E+02 
1.27061E+02 3.03962E-03 9.63308E-01 3.50339E+02 
1.35002E+02 2.98601E-03 9.56282E-01 3.49418E+02 
1.42943E+02 2.92986E-03 9.48476E-01 3.48333E+02 
1.50885E+02 2.87127E-03 9.39868E-01 3.47067E+02 
1.58826E+02 2.81040E-03 9.30440E-01 3.45607E+02 
1.66767E+02 2.74738E-03 9.20180E-01 3.43936E+02 
1.74709E+02 2.68237E-03 9.09079E-01 3.42040E+02 
1.82650E+02 2.61552E-03 8.97133E-01 3.39905E+02 
1.90591E+02 2.54700E-03 8.84344E-01 3.37518E+02 
1.98532E+02 2.47697E-03 8.70719E-01 3.34866E+02 
2.06474E+02 2.40562E-03 8.56268E-01 3.31939E+02 
2.14415E+02 2.33311E-03 8.41008E-01 3.28728E+02 
2.22356E+02 2.25963E-03 8.24962E-01 3.25223E+02 
2.30298E+02 2.18537E-03 8.08155E-01 3.21418E+02 
2.38239E+02 2.11052E-03 7.90618E-01 3.17310E+02 
2.46180E+02 2.03525E-03 7.72388E-01 3.12894E+02 
2.54122E+02 1.95976E-03 7.53504E-01 3.08169E+02 
2.62063E+02 1.88424E-03 7.34012E-01 3.03138E+02 
2.70004E+02 1.80887E-03 7.13960E-01 2.97803E+02 
2.77945E+02 1.73382E-03 6.93399E-01 2.92170E+02 
2.85887E+02 1.65928E-03 6.72385E-01 2.86245E+02 
2.93828E+02 1.58541E-03 6.50975E-01 2.80039E+02 
3.01769E+02 1.51242E-03 6.29238E-01 2.73566E+02 
3.09711E+02 1.44048E-03 6.07244E-01 2.66841E+02 
3.17652E+02 1.36974E-03 5.85055E-01 2.59881E+02 
3.25593E+02 1.30033E-03 5.62733E-01 2.52702E+02 
3.33534E+02 1.23239E-03 5.40342E-01 2.45322E+02 
3.41476E+02 1.16602E-03 5.17945E-01 2.37763E+02 
3.49417E+02 1.10134E-03 4.95603E-01 2.30045E+02 
3.57358E+02 1.03845E-03 4.73380E-01 2.22192E+02 
3.65300E+02 9.77438E-04 4.51335E-01 2.14227E+02 
3.73241E+02 9.18374E-04 4.29525E-01 2.06173E+02 
3.81182E+02 8.61328E-04 4.08008E-01 1.98057E+02 
3.89124E+02 8.06354E-04 3.86836E-01 1.89903E+02 
3.97065E+02 7.53497E-04 3.66060E-01 1.81736E+02 
4.05006E+02 7.02789E-04 3.45726E-01 1.73582E+02 
4.12947E+02 6.54254E-04 3.25877E-01 1.65464E+02 
4.20889E+02 6.07903E-04 3.06554E-01 1.57409E+02 
4.28830E+02 5.63737E-04 2.87791E-01 1.49437E+02 
4.36771E+02 5.21750E-04 2.69621E-01 1.41574E+02 
4.44713E+02 4.81924E-04 2.52069E-01 1.33838E+02 
4.52654E+02 4.44234E-04 2.35160E-01 1.26252E+02 
4.60595E+02 4.08647E-04 2.18911E-01 1.18833E+02 
4.68537E+02 3.75122E-04 2.03338E-01 1.11598E+02 
4.76478E+02 3.43614E-04 1.88451E-01 1.04565E+02 
4.84419E+02 3.14067E-04 1.74257E-01 9.77456E+01 
4.92360E+02 2.86425E-04 1.60758E-01 9.11534E+01 
5.00302E+02 2.60625E-04 1.47954E-01 8.47987E+01 
5.08243E+02 2.36600E-04 1.35840E-01 7.86905E+01 
5.16184E+02 2.14281E-04 1.24409E-01 7.28358E+01 
5.24126E+02 1.93596E-04 1.13651E-01 6.72401E+01 
5.32067E+02 1.74470E-04 1.03552E-01 6.19073E+01 
5.40008E+02 1.56830E-04 9.40964E-02 5.68394E+01 
5.47950E+02 1.40598E-04 8.52675E-02 5.20370E+01 
5.55891E+02 1.25699E-04 7.70454E-02 4.74995E+01 
5.63832E+02 1.12058E-04 6.94092E-02 4.32246E+01 
5.71773E+02 9.95999E-05 6.23362E-02 3.92090E+01 
5.79715E+02 8.82516E-05 5.58032E-02 3.54480E+01 
5.87656E+02 7.79410E-05 4.97857E-02 3.19360E+01 
5.95597E+02 6.85985E-05 4.42591E-02 2.86666E+01 
6.03539E+02 6.01564E-05 3.91981E-02 2.56325E+01 
6.11480E+02 5.25494E-05 3.45773E-02 2.28256E+01 
6.19421E+02 4.57149E-05 3.03714E-02 2.02374E+01 
6.27362E+02 3.95929E-05 2.65555E-02 1.78588E+01 
6.35304E+02 3.41266E-05 2.31049E-02 1.56805E+01 
6.43245E+02 2.92620E-05 1.99954E-02 1.36929E+01 
6.51186E+02 2.49479E-05 1.72036E-02 1.18862E+01 
6.59128E+02 2.11362E-05 1.47067E-02 1.02506E+01 
6.67069E+02 1.77821E-05 1.24829E-02 8.77613E+00 
6.75010E+02 1.48434E-05 1.05111E-02 7.45317E+00 
6.82952E+02 1.22808E-05 8.77144E-03 6.27210E+00 
6.90893E+02 1.00581E-05 7.24480E-03 5.22355E+00 
6.98834E+02 8.14151E-06 5.91323E-03 4.29842E+00 
7.06775E+02 6.50010E-06 4.75982E-03 3.48791E+00 
7.14717E+02 5.10536E-06 3.76867E-03 2.78355E+00 
7.22658E+02 3.93118E-06 2.92493E-03 2.17726E+00 
7.30599E+02 2.95371E-06 2.21480E-03 1.66134E+00 
7.38541E+02 2.15126E-06 1.62545E-03 1.22850E+00 
7.46482E+02 1.50413E-06 1.14504E-03 8.71864E-01 
7.54423E+02 9.94497E-07 7.62676E-04 5.84976E-01 
7.62365E+02 6.06285E-07 4.68334E-04 3.61804E-01 
7.70306E+02 3.25026E-07 2.52862E-04 1.96729E-01 
7.78247E+02 1.37753E-07 1.07918E-04 8.45472E-02 
7.86188E+02 3.28597E-08 2.59199E-05 2.04459E-02 
