100 2 
0.00000E+00 3.52317E-03 1.00000E+00 3.49834E+02 
7.88007E+00 3.52133E-03 9.99990E-01 3.49834E+02 
1.57601E+01 3.51580E-03 9.99923E-01 3.49833E+02 
2.36402E+01 3.50659E-03 9.99739E-01 3.49829E+02 
3.15203E+01 3.49373E-03 9.99382E-01 3.49819E+02 
3.94004E+01 3.47724E-03 9.98795E-01 3.49798E+02 
4.72804E+01 3.45716E-03 9.97922E-01 3.49760E+02 
5.51605E+01 3.43351E-03 9.96708E-01 3.49698E+02 
6.30406E+01 3.40636E-03 9.95102E-01 3.49602E+02 
7.09207E+01 3.37576E-03 9.93050E-01 3.49465E+02 
7.88007E+01 3.34177E-03 9.90503E-01 3.49274E+02 
8.66808E+01 3.30447E-03 9.87414E-01 3.49018E+02 
9.45609E+01 3.26393E-03 9.83738E-01 3.48684E+02 
1.02441E+02 3.22024E-03 9.79433E-01 3.48260E+02 
1.10321E+02 3.17350E-03 9.74459E-01 3.47730E+02 
1.18201E+02 3.12383E-03 9.68781E-01 3.47081E+02 
1.26081E+02 3.07132E-03 9.62366E-01 3.46297E+02 
1.33961E+02 3.01610E-03 9.55185E-01 3.45363E+02 
1.41841E+02 2.95831E-03 9.47213E-01 3.44263E+02 
1.49721E+02 2.89808E-03 9.38431E-01 3.42982E+02 
1.57601E+02 2.83555E-03 9.28822E-01 3.41505E+02 
1.65482E+02 2.77088E-03 9.18374E-01 3.39816E+02 
1.73362E+02 2.70423E-03 9.07081E-01 3.37903E+02 
1.81242E+02 2.63577E-03 8.94941E-01 3.35750E+02 
1.89122E+02 2.56566E-03 8.81957E-01 3.33345E+02 
1.97002E+02 2.49409E-03 8.68138E-01 3.30676E+02 
2.04882E+02 2.42123E-03 8.53496E-01 3.27734E+02 
2.12762E+02 2.34727E-03 8.38051E-01 3.24508E+02 
2.20642E+02 2.27239E-03 8.21826E-01 3.20991E+02 
2.28522E+02 2.19680E-03 8.04848E-01 3.17178E+02 
2.36402E+02 2.12067E-03 7.87151E-01 3.13064E+02 
2.44282E+02 2.04420E-03 7.68773E-01 3.08646E+02 
2.52162E+02 1.96759E-03 7.49754E-01 3.03925E+02 
2.60042E+02 1.89100E-03 7.30141E-01 2.98901E+02 
2.67923E+02 1.81464E-03 7.09984E-01 2.93580E+02 
2.75803E+02 1.73869E-03 6.89334E-01 2.87966E+02 
2.83683E+02 1.66331E-03 6.68249E-01 2.82067E+02 
2.91563E+02 1.58868E-03 6.46785E-01 2.75893E+02 
2.99443E+02 1.51497E-03 6.25003E-01 2.69456E+02 
3.07323E+02 1.44236E-03 6.02974E-01 2.62773E+02 
3.15203E+02 1.37102E-03 5.80769E-01 2.55861E+02 
3.23083E+02 1.30108E-03 5.58451E-01 2.48739E+02 
3.30963E+02 1.23268E-03 5.36083E-01 2.41424E+02 
3.38843E+02 1.16592E-03 5.13727E-01 2.33937E+02 
3.46723E+02 1.10091E-03 4.91444E-01 2.26299E+02 
3.54603E+02 1.03775E-03 4.69296E-01 2.18532E+02 
3.62483E+02 9.76509E-04 4.47340E-01 2.10660E+02 
3.70363E+02 9.17269E-04 4.25635E-01 2.02707E+02 
3.78244E+02 8.60089E-04 4.04233E-01 1.94697E+02 
3.86124E+02 8.05021E-04 3.83189E-01 1.86654E+02 
3.94004E+02 7.52103E-04 3.62549E-01 1.78603E+02 
4.01884E+02 7.01366E-04 3.42359E-01 1.70569E+02 
4.09764E+02 6.52826E-04 3.22662E-01 1.62576E+02 
4.17644E+02 6.06492E-04 3.03495E-01 1.54647E+02 
4.25524E+02 5.62363E-04 2.84893E-01 1.46805E+02 
4.33404E+02 5.20427E-04 2.66884E-01 1.39071E+02 
4.41284E+02 4.80666E-04 2.49496E-01 1.31467E+02 
4.49164E+02 4.43050E-04 2.32750E-01 1.24012E+02 
4.57044E+02 4.07543E-04 2.16663E-01 1.16723E+02 
4.64924E+02 3.74104E-04 2.01250E-01 1.09618E+02 
4.72804E+02 3.42683E-04 1.86519E-01 1.02712E+02 
4.80685E+02 3.13225E-04 1.72476E-01 9.60177E+01 
4.88565E+02 2.85671E-04 1.59124E-01 8.95474E+01 
4.96445E+02 2.59957E-04 1.46461E-01 8.33111E+01 
5.04325E+02 2.36015E-04 1.34482E-01 7.73174E+01 
5.12205E+02 2.13774E-04 1.23179E-01 7.15729E+01 
5.20085E+02 1.93163E-04 1.12541E-01 6.60829E+01 
5.27965E+02 1.74106E-04 1.02556E-01 6.08508E+01 
5.35845E+02 1.56528E-04 9.32073E-02 5.58786E+01 
5.43725E+02 1.40354E-04 8.44775E-02 5.11668E+01 
5.51605E+02 1.25507E-04 7.63471E-02 4.67144E+01 
5.59485E+02 1.11912E-04 6.87952E-02 4.25194E+01 
5.67365E+02 9.94940E-05 6.17995E-02 3.85782E+01 
5.75245E+02 8.81805E-05 5.53368E-02 3.48863E+01 
5.83126E+02 7.78997E-05 4.93829E-02 3.14382E+01 
5.91006E+02 6.85821E-05 4.39135E-02 2.82276E+01 
5.98886E+02 6.01603E-05 3.89035E-02 2.52473E+01 
6.06766E+02 5.25696E-05 3.43282E-02 2.24894E+01 
6.14646E+02 4.57477E-05 3.01625E-02 1.99457E+01 
6.22526E+02 3.96350E-05 2.63817E-02 1.76072E+01 
6.30406E+02 3.41752E-05 2.29617E-02 1.54649E+01 
6.38286E+02 2.93143E-05 1.98786E-02 1.35094E+01 
6.46166E+02 2.50019E-05 1.71094E-02 1.17311E+01 
6.54046E+02 2.11902E-05 1.46317E-02 1.01205E+01 
6.61926E+02 1.78345E-05 1.24240E-02 8.66806E+00 
6.69806E+02 1.48931E-05 1.04657E-02 7.36421E+00 
6.77686E+02 1.23269E-05 8.73696E-03 6.19964E+00 
6.85566E+02 1.00999E-05 7.21922E-03 5.16524E+00 
6.93447E+02 8.17874E-06 5.89473E-03 4.25212E+00 
7.01327E+02 6.53253E-06 4.74685E-03 3.45172E+00 
7.09207E+02 5.13295E-06 3.75993E-03 2.75577E+00 
7.17087E+02 3.95405E-06 2.91934E-03 2.15640E+00 
7.24967E+02 2.97211E-06 2.21146E-03 1.64608E+00 
7.32847E+02 2.16554E-06 1.62365E-03 1.21770E+00 
7.40727E+02 1.51473E-06 1.14424E-03 8.64542E-01 
7.48607E+02 1.00190E-06 7.62439E-04 5.80290E-01 
7.56487E+02 6.11038E-07 4.68368E-04 3.59043E-01 
7.64367E+02 3.27702E-07 2.52978E-04 1.95303E-01 
7.72247E+02 1.38939E-07 1.08009E-04 8.39658E-02 
7.80127E+02 3.31549E-08 2.59512E-05 2.03127E-02 
