100 2 
0.00000E+00 3.45358E-03 1.00000E+00 3.55789E+02 
7.97127E+00 3.45184E-03 9.99991E-01 3.55789E+02 
1.59425E+01 3.44661E-03 9.99926E-01 3.55788E+02 
2.39138E+01 3.43792E-03 9.99750E-01 3.55785E+02 
3.18851E+01 3.42576E-03 9.99409E-01 3.55775E+02 
3.98563E+01 3.41017E-03 9.98847E-01 3.55755E+02 
4.78276E+01 3.39117E-03 9.98012E-01 3.55718E+02 
5.57989E+01 3.36879E-03 9.96850E-01 3.55657E+02 
6.37701E+01 3.34307E-03 9.95310E-01 3.55565E+02 
7.17414E+01 3.31406E-03 9.93342E-01 3.55431E+02 
7.97127E+01 3.28181E-03 9.90898E-01 3.55246E+02 
8.76839E+01 3.24637E-03 9.87930E-01 3.54997E+02 
9.56552E+01 3.20783E-03 9.84395E-01 3.54673E+02 
1.03626E+02 3.16625E-03 9.80250E-01 3.54259E+02 
1.11598E+02 3.12172E-03 9.75456E-01 3.53743E+02 
1.19569E+02 3.07432E-03 9.69976E-01 3.53109E+02 
1.27540E+02 3.02416E-03 9.63777E-01 3.52343E+02 
1.35512E+02 2.97135E-03 9.56828E-01 3.51428E+02 
1.43483E+02 2.91599E-03 9.49105E-01 3.50350E+02 
1.51454E+02 2.85822E-03 9.40584E-01 3.49093E+02 
1.59425E+02 2.79816E-03 9.31246E-01 3.47641E+02 
1.67397E+02 2.73595E-03 9.21080E-01 3.45979E+02 
1.75368E+02 2.67174E-03 9.10074E-01 3.44093E+02 
1.83339E+02 2.60569E-03 8.98226E-01 3.41967E+02 
1.91310E+02 2.53794E-03 8.85534E-01 3.39589E+02 
1.99282E+02 2.46868E-03 8.72006E-01 3.36946E+02 
2.07253E+02 2.39806E-03 8.57651E-01 3.34028E+02 
2.15224E+02 2.32627E-03 8.42485E-01 3.30824E+02 
2.23195E+02 2.25348E-03 8.26528E-01 3.27325E+02 
2.31167E+02 2.17988E-03 8.09806E-01 3.23526E+02 
2.39138E+02 2.10564E-03 7.92350E-01 3.19421E+02 
2.47109E+02 2.03097E-03 7.74195E-01 3.15006E+02 
2.55081E+02 1.95604E-03 7.55380E-01 3.10281E+02 
2.63052E+02 1.88103E-03 7.35949E-01 3.05247E+02 
2.71023E+02 1.80614E-03 7.15950E-01 2.99906E+02 
2.78994E+02 1.73154E-03 6.95435E-01 2.94264E+02 
2.86966E+02 1.65741E-03 6.74457E-01 2.88328E+02 
2.94937E+02 1.58393E-03 6.53077E-01 2.82107E+02 
3.02908E+02 1.51130E-03 6.31368E-01 2.75617E+02 
3.10879E+02 1.43969E-03 6.09392E-01 2.68873E+02 
3.18851E+02 1.36924E-03 5.87210E-01 2.61888E+02 
3.26822E+02 1.30008E-03 5.64886E-01 2.54681E+02 
3.34793E+02 1.23236E-03 5.42484E-01 2.47270E+02 
3.42764E+02 1.16618E-03 5.20066E-01 2.39676E+02 
3.50736E+02 1.10167E-03 4.97695E-01 2.31919E+02 
3.58707E+02 1.03891E-03 4.75434E-01 2.24022E+02 
3.66678E+02 9.77998E-04 4.53344E-01 2.16011E+02 
3.74650E+02 9.19017E-04 4.31483E-01 2.07908E+02 
3.82621E+02 8.62032E-04 4.09908E-01 1.99739E+02 
3.90592E+02 8.07101E-04 3.88673E-01 1.91529E+02 
3.98563E+02 7.54270E-04 3.67828E-01 1.83305E+02 
4.06535E+02 7.03573E-04 3.47422E-01 1.75091E+02 
4.14506E+02 6.55036E-04 3.27498E-01 1.66912E+02 
4.22477E+02 6.08672E-04 3.08096E-01 1.58793E+02 
4.30448E+02 5.64484E-04 2.89253E-01 1.50757E+02 
4.38420E+02 5.22467E-04 2.71001E-01 1.42828E+02 
4.46391E+02 4.82606E-04 2.53368E-01 1.35028E+02 
4.54362E+02 4.44876E-04 2.36376E-01 1.27375E+02 
4.62333E+02 4.09245E-04 2.20047E-01 1.19891E+02 
4.70305E+02 3.75675E-04 2.04394E-01 1.12592E+02 
4.78276E+02 3.44120E-04 1.89428E-01 1.05495E+02 
4.86247E+02 3.14526E-04 1.75158E-01 9.86134E+01 
4.94219E+02 2.86838E-04 1.61585E-01 9.19601E+01 
5.02190E+02 2.60992E-04 1.48710E-01 8.55462E+01 
5.10161E+02 2.36924E-04 1.36529E-01 7.93805E+01 
5.18132E+02 2.14563E-04 1.25033E-01 7.34706E+01 
5.26104E+02 1.93839E-04 1.14213E-01 6.78219E+01 
5.34075E+02 1.74677E-04 1.04057E-01 6.24385E+01 
5.42046E+02 1.57002E-04 9.45479E-02 5.73225E+01 
5.50017E+02 1.40740E-04 8.56690E-02 5.24748E+01 
5.57989E+02 1.25814E-04 7.74007E-02 4.78945E+01 
5.65960E+02 1.12148E-04 6.97218E-02 4.35795E+01 
5.73931E+02 9.96684E-05 6.26098E-02 3.95264E+01 
5.81903E+02 8.83012E-05 5.60412E-02 3.57307E+01 
5.89874E+02 7.79745E-05 4.99916E-02 3.21866E+01 
5.97845E+02 6.86184E-05 4.44360E-02 2.88877E+01 
6.05816E+02 6.01648E-05 3.93489E-02 2.58265E+01 
6.13788E+02 5.25485E-05 3.47051E-02 2.29949E+01 
6.21759E+02 4.57067E-05 3.04789E-02 2.03844E+01 
6.29730E+02 3.95792E-05 2.66451E-02 1.79856E+01 
6.37701E+02 3.41089E-05 2.31788E-02 1.57893E+01 
6.45673E+02 2.92415E-05 2.00559E-02 1.37855E+01 
6.53644E+02 2.49258E-05 1.72525E-02 1.19645E+01 
6.61615E+02 2.11136E-05 1.47458E-02 1.03162E+01 
6.69586E+02 1.77597E-05 1.25137E-02 8.83070E+00 
6.77558E+02 1.48217E-05 1.05351E-02 7.49811E+00 
6.85529E+02 1.22605E-05 8.78973E-03 6.30872E+00 
6.93500E+02 1.00394E-05 7.25848E-03 5.25304E+00 
7.01472E+02 8.12478E-06 5.92323E-03 4.32184E+00 
7.09443E+02 6.48544E-06 4.76692E-03 3.50623E+00 
7.17414E+02 5.09282E-06 3.77354E-03 2.79763E+00 
7.25385E+02 3.92073E-06 2.92813E-03 2.18784E+00 
7.33357E+02 2.94526E-06 2.21678E-03 1.66909E+00 
7.41328E+02 2.14468E-06 1.62658E-03 1.23399E+00 
7.49299E+02 1.49923E-06 1.14562E-03 8.75589E-01 
7.57270E+02 9.91067E-07 7.62911E-04 5.87363E-01 
7.65242E+02 6.04076E-07 4.68387E-04 3.63210E-01 
7.73213E+02 3.23783E-07 2.52844E-04 1.97458E-01 
7.81184E+02 1.37201E-07 1.07891E-04 8.48449E-02 
7.89155E+02 3.27221E-08 2.59088E-05 2.05142E-02 
