100 2 
0.00000E+00 3.39792E-03 1.00000E+00 3.60681E+02 
8.04461E+00 3.39626E-03 9.99991E-01 3.60681E+02 
1.60892E+01 3.39128E-03 9.99929E-01 3.60680E+02 
2.41338E+01 3.38299E-03 9.99760E-01 3.60676E+02 
3.21784E+01 3.37140E-03 9.99431E-01 3.60667E+02 
4.02231E+01 3.35653E-03 9.98891E-01 3.60647E+02 
4.82677E+01 3.33840E-03 9.98086E-01 3.60612E+02 
5.63123E+01 3.31703E-03 9.96967E-01 3.60553E+02 
6.43569E+01 3.29246E-03 9.95482E-01 3.60463E+02 
7.24015E+01 3.26472E-03 9.93584E-01 3.60333E+02 
8.04461E+01 3.23387E-03 9.91223E-01 3.60152E+02 
8.84907E+01 3.19994E-03 9.88356E-01 3.59910E+02 
9.65353E+01 3.16300E-03 9.84936E-01 3.59593E+02 
1.04580E+02 3.12312E-03 9.80924E-01 3.59189E+02 
1.12625E+02 3.08036E-03 9.76278E-01 3.58684E+02 
1.20669E+02 3.03480E-03 9.70962E-01 3.58063E+02 
1.28714E+02 2.98653E-03 9.64941E-01 3.57312E+02 
1.36758E+02 2.93565E-03 9.58186E-01 3.56415E+02 
1.44803E+02 2.88226E-03 9.50668E-01 3.55356E+02 
1.52848E+02 2.82647E-03 9.42363E-01 3.54120E+02 
1.60892E+02 2.76840E-03 9.33252E-01 3.52690E+02 
1.68937E+02 2.70817E-03 9.23319E-01 3.51051E+02 
1.76981E+02 2.64594E-03 9.12553E-01 3.49189E+02 
1.85026E+02 2.58183E-03 9.00948E-01 3.47087E+02 
1.93071E+02 2.51599E-03 8.88501E-01 3.44734E+02 
2.01115E+02 2.44859E-03 8.75216E-01 3.42115E+02 
2.09160E+02 2.37979E-03 8.61100E-01 3.39219E+02 
2.17205E+02 2.30975E-03 8.46168E-01 3.36035E+02 
2.25249E+02 2.23864E-03 8.30438E-01 3.32554E+02 
2.33294E+02 2.16666E-03 8.13932E-01 3.28770E+02 
2.41338E+02 2.09396E-03 7.96680E-01 3.24675E+02 
2.49383E+02 2.02074E-03 7.78714E-01 3.20266E+02 
2.57428E+02 1.94717E-03 7.60072E-01 3.15542E+02 
2.65472E+02 1.87345E-03 7.40797E-01 3.10502E+02 
2.73517E+02 1.79974E-03 7.20934E-01 3.05149E+02 
2.81561E+02 1.72624E-03 7.00534E-01 2.99487E+02 
2.89606E+02 1.65314E-03 6.79657E-01 2.93524E+02 
2.97651E+02 1.58063E-03 6.58368E-01 2.87273E+02 
3.05695E+02 1.50889E-03 6.36727E-01 2.80744E+02 
3.13740E+02 1.43808E-03 6.14795E-01 2.73951E+02 
3.21784E+02 1.36833E-03 5.92632E-01 2.66909E+02 
3.29829E+02 1.29979E-03 5.70304E-01 2.59634E+02 
3.37874E+02 1.23260E-03 5.47873E-01 2.52145E+02 
3.45918E+02 1.16688E-03 5.25404E-01 2.44463E+02 
3.53963E+02 1.10274E-03 5.02961E-01 2.36609E+02 
3.62008E+02 1.04030E-03 4.80607E-01 2.28607E+02 
3.70052E+02 9.79640E-04 4.58406E-01 2.20481E+02 
3.78097E+02 9.20852E-04 4.36416E-01 2.12255E+02 
3.86141E+02 8.64009E-04 4.14696E-01 2.03956E+02 
3.94186E+02 8.09173E-04 3.93303E-01 1.95609E+02 
4.02231E+02 7.56395E-04 3.72288E-01 1.87241E+02 
4.10275E+02 7.05716E-04 3.51700E-01 1.78878E+02 
4.18320E+02 6.57164E-04 3.31587E-01 1.70545E+02 
4.26364E+02 6.10758E-04 3.11989E-01 1.62268E+02 
4.34409E+02 5.66506E-04 2.92945E-01 1.54073E+02 
4.42454E+02 5.24407E-04 2.74489E-01 1.45981E+02 
4.50498E+02 4.84448E-04 2.56650E-01 1.38017E+02 
4.58543E+02 4.46610E-04 2.39453E-01 1.30201E+02 
4.66587E+02 4.10863E-04 2.22919E-01 1.22553E+02 
4.74632E+02 3.77172E-04 2.07065E-01 1.15093E+02 
4.82677E+02 3.45492E-04 1.91903E-01 1.07836E+02 
4.90721E+02 3.15774E-04 1.77440E-01 1.00797E+02 
4.98766E+02 2.87962E-04 1.63682E-01 9.39910E+01 
5.06811E+02 2.61997E-04 1.50628E-01 8.74281E+01 
5.14855E+02 2.37813E-04 1.38275E-01 8.11183E+01 
5.22900E+02 2.15343E-04 1.26617E-01 7.50696E+01 
5.30944E+02 1.94515E-04 1.15643E-01 6.92878E+01 
5.38989E+02 1.75256E-04 1.05342E-01 6.37772E+01 
5.47034E+02 1.57493E-04 9.56971E-02 5.85405E+01 
5.55078E+02 1.41149E-04 8.66918E-02 5.35785E+01 
5.63123E+02 1.26149E-04 7.83063E-02 4.88905E+01 
5.71167E+02 1.12418E-04 7.05194E-02 4.44746E+01 
5.79212E+02 9.98802E-05 6.33086E-02 4.03274E+01 
5.87257E+02 8.84621E-05 5.66498E-02 3.64442E+01 
5.95301E+02 7.80913E-05 5.05185E-02 3.28192E+01 
6.03346E+02 6.86976E-05 4.48893E-02 2.94458E+01 
6.11391E+02 6.02126E-05 3.97363E-02 2.63164E+01 
6.19435E+02 5.25704E-05 3.50338E-02 2.34226E+01 
6.27480E+02 4.57077E-05 3.07556E-02 2.07557E+01 
6.35524E+02 3.95639E-05 2.68763E-02 1.83061E+01 
6.43569E+02 3.40812E-05 2.33703E-02 1.60641E+01 
6.51614E+02 2.92050E-05 2.02129E-02 1.40196E+01 
6.59658E+02 2.48835E-05 1.73799E-02 1.21624E+01 
6.67703E+02 2.10681E-05 1.48480E-02 1.04823E+01 
6.75747E+02 1.77131E-05 1.25947E-02 8.96881E+00 
6.83792E+02 1.47758E-05 1.05983E-02 7.61189E+00 
6.91837E+02 1.22166E-05 8.83826E-03 6.40147E+00 
6.99881E+02 9.99862E-06 7.29506E-03 5.32777E+00 
7.07926E+02 8.08778E-06 5.95020E-03 4.38125E+00 
7.15970E+02 6.45272E-06 4.78630E-03 3.55272E+00 
7.24015E+02 5.06461E-06 3.78703E-03 2.83336E+00 
7.32060E+02 3.89709E-06 2.93717E-03 2.21472E+00 
7.40104E+02 2.92607E-06 2.22254E-03 1.68878E+00 
7.48149E+02 2.12966E-06 1.63002E-03 1.24795E+00 
7.56194E+02 1.48801E-06 1.14749E-03 8.85078E-01 
7.64238E+02 9.83180E-07 7.63796E-04 5.93449E-01 
7.72283E+02 5.98988E-07 4.68713E-04 3.66804E-01 
7.80327E+02 3.20908E-07 2.52905E-04 1.99322E-01 
7.88372E+02 1.35921E-07 1.07868E-04 8.56072E-02 
7.96417E+02 3.24025E-08 2.58918E-05 2.06894E-02 
