100 2 
0.00000E+00 3.47799E-03 1.00000E+00 3.53680E+02 
7.93922E+00 3.47622E-03 9.99991E-01 3.53680E+02 
1.58784E+01 3.47089E-03 9.99925E-01 3.53679E+02 
2.38177E+01 3.46201E-03 9.99746E-01 3.53675E+02 
3.17569E+01 3.44961E-03 9.99399E-01 3.53665E+02 
3.96961E+01 3.43370E-03 9.98829E-01 3.53645E+02 
4.76353E+01 3.41432E-03 9.97980E-01 3.53608E+02 
5.55745E+01 3.39149E-03 9.96800E-01 3.53547E+02 
6.35138E+01 3.36527E-03 9.95236E-01 3.53453E+02 
7.14530E+01 3.33570E-03 9.93239E-01 3.53318E+02 
7.93922E+01 3.30284E-03 9.90758E-01 3.53131E+02 
8.73314E+01 3.26675E-03 9.87747E-01 3.52879E+02 
9.52706E+01 3.22750E-03 9.84162E-01 3.52552E+02 
1.03210E+02 3.18518E-03 9.79960E-01 3.52134E+02 
1.11149E+02 3.13988E-03 9.75102E-01 3.51613E+02 
1.19088E+02 3.09168E-03 9.69552E-01 3.50974E+02 
1.27028E+02 3.04069E-03 9.63276E-01 3.50201E+02 
1.34967E+02 2.98703E-03 9.56245E-01 3.49279E+02 
1.42906E+02 2.93082E-03 9.48433E-01 3.48193E+02 
1.50845E+02 2.87218E-03 9.39819E-01 3.46928E+02 
1.58784E+02 2.81125E-03 9.30385E-01 3.45467E+02 
1.66724E+02 2.74818E-03 9.20118E-01 3.43795E+02 
1.74663E+02 2.68311E-03 9.09010E-01 3.41898E+02 
1.82602E+02 2.61621E-03 8.97058E-01 3.39763E+02 
1.90541E+02 2.54763E-03 8.84262E-01 3.37375E+02 
1.98480E+02 2.47755E-03 8.70630E-01 3.34723E+02 
2.06420E+02 2.40614E-03 8.56173E-01 3.31795E+02 
2.14359E+02 2.33359E-03 8.40907E-01 3.28583E+02 
2.22298E+02 2.26006E-03 8.24854E-01 3.25078E+02 
2.30237E+02 2.18576E-03 8.08041E-01 3.21273E+02 
2.38177E+02 2.11086E-03 7.90498E-01 3.17164E+02 
2.46116E+02 2.03555E-03 7.72263E-01 3.12748E+02 
2.54055E+02 1.96003E-03 7.53375E-01 3.08024E+02 
2.61994E+02 1.88447E-03 7.33879E-01 3.02993E+02 
2.69933E+02 1.80906E-03 7.13823E-01 2.97658E+02 
2.77873E+02 1.73398E-03 6.93259E-01 2.92026E+02 
2.85812E+02 1.65941E-03 6.72242E-01 2.86102E+02 
2.93751E+02 1.58552E-03 6.50830E-01 2.79897E+02 
3.01690E+02 1.51250E-03 6.29092E-01 2.73425E+02 
3.09630E+02 1.44053E-03 6.07096E-01 2.66702E+02 
3.17569E+02 1.36977E-03 5.84907E-01 2.59743E+02 
3.25508E+02 1.30035E-03 5.62585E-01 2.52565E+02 
3.33447E+02 1.23239E-03 5.40195E-01 2.45188E+02 
3.41386E+02 1.16601E-03 5.17799E-01 2.37631E+02 
3.49326E+02 1.10132E-03 4.95460E-01 2.29917E+02 
3.57265E+02 1.03842E-03 4.73239E-01 2.22066E+02 
3.65204E+02 9.77401E-04 4.51196E-01 2.14104E+02 
3.73143E+02 9.18332E-04 4.29391E-01 2.06054E+02 
3.81083E+02 8.61281E-04 4.07878E-01 1.97941E+02 
3.89022E+02 8.06304E-04 3.86710E-01 1.89791E+02 
3.96961E+02 7.53445E-04 3.65938E-01 1.81628E+02 
4.04900E+02 7.02737E-04 3.45609E-01 1.73478E+02 
4.12839E+02 6.54202E-04 3.25766E-01 1.65365E+02 
4.20779E+02 6.07851E-04 3.06448E-01 1.57313E+02 
4.28718E+02 5.63687E-04 2.87691E-01 1.49347E+02 
4.36657E+02 5.21702E-04 2.69526E-01 1.41487E+02 
4.44596E+02 4.81878E-04 2.51980E-01 1.33756E+02 
4.52536E+02 4.44191E-04 2.35076E-01 1.26174E+02 
4.60475E+02 4.08607E-04 2.18833E-01 1.18760E+02 
4.68414E+02 3.75085E-04 2.03266E-01 1.11530E+02 
4.76353E+02 3.43580E-04 1.88384E-01 1.04501E+02 
4.84292E+02 3.14037E-04 1.74195E-01 9.76860E+01 
4.92232E+02 2.86398E-04 1.60702E-01 9.10980E+01 
5.00171E+02 2.60601E-04 1.47902E-01 8.47474E+01 
5.08110E+02 2.36579E-04 1.35793E-01 7.86431E+01 
5.16049E+02 2.14263E-04 1.24367E-01 7.27922E+01 
5.23988E+02 1.93580E-04 1.13612E-01 6.72002E+01 
5.31928E+02 1.74457E-04 1.03517E-01 6.18708E+01 
5.39867E+02 1.56818E-04 9.40654E-02 5.68062E+01 
5.47806E+02 1.40588E-04 8.52400E-02 5.20070E+01 
5.55745E+02 1.25691E-04 7.70211E-02 4.74724E+01 
5.63685E+02 1.12052E-04 6.93878E-02 4.32003E+01 
5.71624E+02 9.95956E-05 6.23175E-02 3.91872E+01 
5.79563E+02 8.82484E-05 5.57869E-02 3.54285E+01 
5.87502E+02 7.79390E-05 4.97717E-02 3.19188E+01 
5.95441E+02 6.85975E-05 4.42470E-02 2.86514E+01 
6.03381E+02 6.01561E-05 3.91878E-02 2.56191E+01 
6.11320E+02 5.25497E-05 3.45685E-02 2.28139E+01 
6.19259E+02 4.57156E-05 3.03641E-02 2.02273E+01 
6.27198E+02 3.95940E-05 2.65494E-02 1.78501E+01 
6.35138E+02 3.41280E-05 2.30998E-02 1.56731E+01 
6.43077E+02 2.92635E-05 1.99913E-02 1.36866E+01 
6.51016E+02 2.49495E-05 1.72003E-02 1.18809E+01 
6.58955E+02 2.11379E-05 1.47041E-02 1.02461E+01 
6.66894E+02 1.77838E-05 1.24808E-02 8.77239E+00 
6.74834E+02 1.48449E-05 1.05095E-02 7.45008E+00 
6.82773E+02 1.22823E-05 8.77020E-03 6.26958E+00 
6.90712E+02 1.00594E-05 7.24387E-03 5.22153E+00 
6.98651E+02 8.14271E-06 5.91257E-03 4.29682E+00 
7.06591E+02 6.50116E-06 4.75935E-03 3.48665E+00 
7.14530E+02 5.10626E-06 3.76834E-03 2.78259E+00 
7.22469E+02 3.93192E-06 2.92472E-03 2.17654E+00 
7.30408E+02 2.95431E-06 2.21467E-03 1.66081E+00 
7.38347E+02 2.15172E-06 1.62538E-03 1.22813E+00 
7.46287E+02 1.50448E-06 1.14501E-03 8.71609E-01 
7.54226E+02 9.94740E-07 7.62663E-04 5.84813E-01 
7.62165E+02 6.06441E-07 4.68332E-04 3.61708E-01 
7.70104E+02 3.25115E-07 2.52864E-04 1.96680E-01 
7.78044E+02 1.37792E-07 1.07921E-04 8.45270E-02 
7.85983E+02 3.28694E-08 2.59208E-05 2.04412E-02 
