100 2 
0.00000E+00 3.56836E-03 1.00000E+00 3.46057E+02 
7.82106E+00 3.56645E-03 9.99990E-01 3.46057E+02 
1.56421E+01 3.56072E-03 9.99920E-01 3.46056E+02 
2.34632E+01 3.55119E-03 9.99732E-01 3.46053E+02 
3.12843E+01 3.53787E-03 9.99365E-01 3.46042E+02 
3.91053E+01 3.52081E-03 9.98761E-01 3.46021E+02 
4.69264E+01 3.50002E-03 9.97865E-01 3.45982E+02 
5.47474E+01 3.47556E-03 9.96619E-01 3.45919E+02 
6.25685E+01 3.44749E-03 9.94970E-01 3.45822E+02 
7.03896E+01 3.41586E-03 9.92865E-01 3.45681E+02 
7.82106E+01 3.38075E-03 9.90254E-01 3.45487E+02 
8.60317E+01 3.34223E-03 9.87089E-01 3.45227E+02 
9.38528E+01 3.30040E-03 9.83325E-01 3.44888E+02 
1.01674E+02 3.25536E-03 9.78919E-01 3.44457E+02 
1.09495E+02 3.20720E-03 9.73832E-01 3.43919E+02 
1.17316E+02 3.15605E-03 9.68030E-01 3.43261E+02 
1.25137E+02 3.10203E-03 9.61479E-01 3.42466E+02 
1.32958E+02 3.04527E-03 9.54152E-01 3.41520E+02 
1.40779E+02 2.98591E-03 9.46026E-01 3.40407E+02 
1.48600E+02 2.92409E-03 9.37080E-01 3.39112E+02 
1.56421E+02 2.85998E-03 9.27301E-01 3.37620E+02 
1.64242E+02 2.79373E-03 9.16677E-01 3.35916E+02 
1.72063E+02 2.72551E-03 9.05205E-01 3.33987E+02 
1.79884E+02 2.65549E-03 8.92883E-01 3.31818E+02 
1.87706E+02 2.58387E-03 8.79718E-01 3.29398E+02 
1.95527E+02 2.51081E-03 8.65718E-01 3.26715E+02 
2.03348E+02 2.43651E-03 8.50899E-01 3.23759E+02 
2.11169E+02 2.36116E-03 8.35281E-01 3.20521E+02 
2.18990E+02 2.28495E-03 8.18890E-01 3.16995E+02 
2.26811E+02 2.20808E-03 8.01754E-01 3.13175E+02 
2.34632E+02 2.13073E-03 7.83909E-01 3.09057E+02 
2.42453E+02 2.05311E-03 7.65393E-01 3.04640E+02 
2.50274E+02 1.97541E-03 7.46250E-01 2.99924E+02 
2.58095E+02 1.89781E-03 7.26527E-01 2.94910E+02 
2.65916E+02 1.82051E-03 7.06273E-01 2.89603E+02 
2.73737E+02 1.74368E-03 6.85543E-01 2.84009E+02 
2.81558E+02 1.66750E-03 6.64393E-01 2.78137E+02 
2.89379E+02 1.59215E-03 6.42881E-01 2.71995E+02 
2.97200E+02 1.51777E-03 6.21068E-01 2.65598E+02 
3.05021E+02 1.44454E-03 5.99017E-01 2.58958E+02 
3.12842E+02 1.37261E-03 5.76797E-01 2.52093E+02 
3.20664E+02 1.30216E-03 5.54482E-01 2.45025E+02 
3.28485E+02 1.23330E-03 5.32135E-01 2.37772E+02 
3.36306E+02 1.16616E-03 5.09817E-01 2.30353E+02 
3.44127E+02 1.10082E-03 4.87589E-01 2.22791E+02 
3.51948E+02 1.03738E-03 4.65511E-01 2.15107E+02 
3.59769E+02 9.75910E-04 4.43639E-01 2.07324E+02 
3.67590E+02 9.16489E-04 4.22030E-01 1.99465E+02 
3.75411E+02 8.59170E-04 4.00737E-01 1.91555E+02 
3.83232E+02 8.03999E-04 3.79811E-01 1.83618E+02 
3.91053E+02 7.51011E-04 3.59299E-01 1.75677E+02 
3.98874E+02 7.00233E-04 3.39245E-01 1.67757E+02 
4.06695E+02 6.51677E-04 3.19688E-01 1.59880E+02 
4.14516E+02 6.05349E-04 3.00667E-01 1.52070E+02 
4.22337E+02 5.61244E-04 2.82214E-01 1.44349E+02 
4.30158E+02 5.19347E-04 2.64357E-01 1.36738E+02 
4.37979E+02 4.79635E-04 2.47121E-01 1.29257E+02 
4.45801E+02 4.42079E-04 2.30526E-01 1.21924E+02 
4.53622E+02 4.06640E-04 2.14590E-01 1.14758E+02 
4.61443E+02 3.73272E-04 1.99325E-01 1.07774E+02 
4.69264E+02 3.41925E-04 1.84739E-01 1.00987E+02 
4.77085E+02 3.12543E-04 1.70837E-01 9.44094E+01 
4.84906E+02 2.85063E-04 1.57621E-01 8.80530E+01 
4.92727E+02 2.59422E-04 1.45088E-01 8.19273E+01 
5.00548E+02 2.35551E-04 1.33234E-01 7.60404E+01 
5.08369E+02 2.13378E-04 1.22050E-01 7.03988E+01 
5.16190E+02 1.92830E-04 1.11524E-01 6.50073E+01 
5.24011E+02 1.73831E-04 1.01644E-01 5.98692E+01 
5.31832E+02 1.56308E-04 9.23940E-02 5.49861E+01 
5.39653E+02 1.40182E-04 8.37557E-02 5.03586E+01 
5.47474E+02 1.25378E-04 7.57099E-02 4.59856E+01 
5.55295E+02 1.11822E-04 6.82358E-02 4.18648E+01 
5.63117E+02 9.94375E-05 6.13112E-02 3.79929E+01 
5.70938E+02 8.81527E-05 5.49131E-02 3.43653E+01 
5.78759E+02 7.78960E-05 4.90177E-02 3.09767E+01 
5.86580E+02 6.85982E-05 4.36007E-02 2.78207E+01 
5.94401E+02 6.01924E-05 3.86377E-02 2.48904E+01 
6.02222E+02 5.26139E-05 3.41040E-02 2.21781E+01 
6.10043E+02 4.58010E-05 2.99749E-02 1.96756E+01 
6.17864E+02 3.96945E-05 2.62263E-02 1.73743E+01 
6.25685E+02 3.42383E-05 2.28341E-02 1.52654E+01 
6.33506E+02 2.93789E-05 1.97751E-02 1.33396E+01 
6.41327E+02 2.50661E-05 1.70263E-02 1.15877E+01 
6.49148E+02 2.12525E-05 1.45660E-02 1.00004E+01 
6.56969E+02 1.78938E-05 1.23728E-02 8.56829E+00 
6.64790E+02 1.49483E-05 1.04265E-02 7.28215E+00 
6.72611E+02 1.23774E-05 8.70756E-03 6.13285E+00 
6.80432E+02 1.01453E-05 7.19771E-03 5.11154E+00 
6.88253E+02 8.21878E-06 5.87947E-03 4.20953E+00 
6.96075E+02 6.56710E-06 4.73641E-03 3.41845E+00 
7.03896E+02 5.16217E-06 3.75313E-03 2.73027E+00 
7.11717E+02 3.97814E-06 2.91520E-03 2.13727E+00 
7.19538E+02 2.99140E-06 2.20919E-03 1.63211E+00 
7.27359E+02 2.18045E-06 1.62261E-03 1.20782E+00 
7.35180E+02 1.52575E-06 1.14394E-03 8.57856E-01 
7.43001E+02 1.00958E-06 7.62533E-04 5.76020E-01 
7.50822E+02 6.15953E-07 4.68602E-04 3.56534E-01 
7.58643E+02 3.30461E-07 2.53198E-04 1.94010E-01 
7.66464E+02 1.40160E-07 1.08142E-04 8.34399E-02 
7.74285E+02 3.34583E-08 2.59925E-05 2.01927E-02 
