100 2 
0.00000E+00 3.35403E-03 1.00000E+00 3.64623E+02 
8.10279E+00 3.35244E-03 9.99991E-01 3.64623E+02 
1.62056E+01 3.34765E-03 9.99931E-01 3.64622E+02 
2.43084E+01 3.33968E-03 9.99767E-01 3.64619E+02 
3.24111E+01 3.32854E-03 9.99449E-01 3.64610E+02 
4.05139E+01 3.31423E-03 9.98926E-01 3.64591E+02 
4.86167E+01 3.29679E-03 9.98146E-01 3.64556E+02 
5.67195E+01 3.27622E-03 9.97060E-01 3.64498E+02 
6.48223E+01 3.25255E-03 9.95620E-01 3.64410E+02 
7.29251E+01 3.22582E-03 9.93777E-01 3.64283E+02 
8.10279E+01 3.19607E-03 9.91485E-01 3.64106E+02 
8.91306E+01 3.16333E-03 9.88698E-01 3.63869E+02 
9.72334E+01 3.12766E-03 9.85372E-01 3.63559E+02 
1.05336E+02 3.08911E-03 9.81466E-01 3.63163E+02 
1.13439E+02 3.04775E-03 9.76939E-01 3.62667E+02 
1.21542E+02 3.00365E-03 9.71756E-01 3.62058E+02 
1.29645E+02 2.95688E-03 9.65880E-01 3.61319E+02 
1.37747E+02 2.90753E-03 9.59280E-01 3.60436E+02 
1.45850E+02 2.85569E-03 9.51928E-01 3.59393E+02 
1.53953E+02 2.80147E-03 9.43799E-01 3.58174E+02 
1.62056E+02 2.74498E-03 9.34871E-01 3.56763E+02 
1.70159E+02 2.68633E-03 9.25129E-01 3.55144E+02 
1.78261E+02 2.62566E-03 9.14557E-01 3.53302E+02 
1.86364E+02 2.56309E-03 9.03149E-01 3.51222E+02 
1.94467E+02 2.49878E-03 8.90902E-01 3.48889E+02 
2.02570E+02 2.43286E-03 8.77815E-01 3.46290E+02 
2.10672E+02 2.36550E-03 8.63896E-01 3.43414E+02 
2.18775E+02 2.29685E-03 8.49155E-01 3.40248E+02 
2.26878E+02 2.22709E-03 8.33610E-01 3.36784E+02 
2.34981E+02 2.15639E-03 8.17282E-01 3.33012E+02 
2.43084E+02 2.08491E-03 8.00197E-01 3.28928E+02 
2.51186E+02 2.01285E-03 7.82387E-01 3.24526E+02 
2.59289E+02 1.94038E-03 7.63888E-01 3.19804E+02 
2.67392E+02 1.86767E-03 7.44742E-01 3.14762E+02 
2.75495E+02 1.79491E-03 7.24993E-01 3.09401E+02 
2.83598E+02 1.72230E-03 7.04695E-01 3.03726E+02 
2.91700E+02 1.65005E-03 6.83912E-01 2.97748E+02 
2.99803E+02 1.57833E-03 6.62699E-01 2.91474E+02 
3.07906E+02 1.50729E-03 6.41115E-01 2.84915E+02 
3.16009E+02 1.43710E-03 6.19218E-01 2.78084E+02 
3.24111E+02 1.36790E-03 5.97072E-01 2.70996E+02 
3.32214E+02 1.29985E-03 5.74740E-01 2.63667E+02 
3.40317E+02 1.23307E-03 5.52287E-01 2.56117E+02 
3.48420E+02 1.16770E-03 5.29778E-01 2.48365E+02 
3.56523E+02 1.10386E-03 5.07277E-01 2.40434E+02 
3.64625E+02 1.04166E-03 4.84849E-01 2.32348E+02 
3.72728E+02 9.81194E-04 4.62558E-01 2.24129E+02 
3.80831E+02 9.22552E-04 4.40464E-01 2.15805E+02 
3.88934E+02 8.65813E-04 4.18628E-01 2.07401E+02 
3.97036E+02 8.11045E-04 3.97106E-01 1.98943E+02 
4.05139E+02 7.58301E-04 3.75952E-01 1.90459E+02 
4.13242E+02 7.07626E-04 3.55218E-01 1.81975E+02 
4.21345E+02 6.59054E-04 3.34951E-01 1.73518E+02 
4.29448E+02 6.12606E-04 3.15193E-01 1.65114E+02 
4.37550E+02 5.68294E-04 2.95986E-01 1.56788E+02 
4.45653E+02 5.26120E-04 2.77363E-01 1.48564E+02 
4.53756E+02 4.86075E-04 2.59356E-01 1.40467E+02 
4.61859E+02 4.48141E-04 2.41991E-01 1.32517E+02 
4.69962E+02 4.12292E-04 2.25290E-01 1.24737E+02 
4.78064E+02 3.78495E-04 2.09271E-01 1.17144E+02 
4.86167E+02 3.46708E-04 1.93947E-01 1.09756E+02 
4.94270E+02 3.16882E-04 1.79327E-01 1.02590E+02 
5.02373E+02 2.88964E-04 1.65416E-01 9.56585E+01 
5.10475E+02 2.62895E-04 1.52216E-01 8.89739E+01 
5.18578E+02 2.38612E-04 1.39722E-01 8.25461E+01 
5.26681E+02 2.16046E-04 1.27930E-01 7.63837E+01 
5.34784E+02 1.95129E-04 1.16830E-01 7.04928E+01 
5.42887E+02 1.75787E-04 1.06409E-01 6.48780E+01 
5.50989E+02 1.57947E-04 9.66521E-02 5.95422E+01 
5.59092E+02 1.41532E-04 8.75424E-02 5.44864E+01 
5.67195E+02 1.26469E-04 7.90602E-02 4.97101E+01 
5.75298E+02 1.12680E-04 7.11842E-02 4.52113E+01 
5.83401E+02 1.00091E-04 6.38915E-02 4.09867E+01 
5.91503E+02 8.86274E-05 5.71582E-02 3.70316E+01 
5.99606E+02 7.82175E-05 5.09592E-02 3.33401E+01 
6.07709E+02 6.87902E-05 4.52689E-02 2.99055E+01 
6.15812E+02 6.02767E-05 4.00613E-02 2.67200E+01 
6.23914E+02 5.26107E-05 3.53100E-02 2.37751E+01 
6.32017E+02 4.57285E-05 3.09888E-02 2.10618E+01 
6.40120E+02 3.95691E-05 2.70714E-02 1.85704E+01 
6.48223E+02 3.40743E-05 2.35323E-02 1.62908E+01 
6.56326E+02 2.91891E-05 2.03461E-02 1.42128E+01 
6.64428E+02 2.48611E-05 1.74884E-02 1.23258E+01 
6.72531E+02 2.10415E-05 1.49354E-02 1.06194E+01 
6.80634E+02 1.76841E-05 1.26642E-02 9.08288E+00 
6.88737E+02 1.47461E-05 1.06528E-02 7.70590E+00 
6.96840E+02 1.21874E-05 8.88039E-03 6.47815E+00 
7.04942E+02 9.97084E-06 7.32705E-03 5.38957E+00 
7.13045E+02 8.06216E-06 5.97401E-03 4.43040E+00 
7.21148E+02 6.42976E-06 4.80360E-03 3.59122E+00 
7.29251E+02 5.04462E-06 3.79925E-03 2.86297E+00 
7.37354E+02 3.88018E-06 2.94550E-03 2.23702E+00 
7.45456E+02 2.91224E-06 2.22799E-03 1.70514E+00 
7.53559E+02 2.11877E-06 1.63340E-03 1.25956E+00 
7.61662E+02 1.47984E-06 1.14943E-03 8.92974E-01 
7.69765E+02 9.77409E-07 7.64799E-04 5.98521E-01 
7.77867E+02 5.95251E-07 4.69154E-04 3.69803E-01 
7.85970E+02 3.18788E-07 2.53050E-04 2.00878E-01 
7.94073E+02 1.34974E-07 1.07892E-04 8.62448E-02 
8.02176E+02 3.21656E-08 2.58883E-05 2.08362E-02 
