100 2 
0.00000E+00 3.35765E-03 1.00000E+00 3.64295E+02 
8.09797E+00 3.35605E-03 9.99991E-01 3.64295E+02 
1.61959E+01 3.35125E-03 9.99931E-01 3.64294E+02 
2.42939E+01 3.34325E-03 9.99767E-01 3.64291E+02 
3.23919E+01 3.33207E-03 9.99448E-01 3.64282E+02 
4.04899E+01 3.31772E-03 9.98923E-01 3.64262E+02 
4.85878E+01 3.30022E-03 9.98141E-01 3.64227E+02 
5.66858E+01 3.27958E-03 9.97053E-01 3.64170E+02 
6.47838E+01 3.25584E-03 9.95609E-01 3.64082E+02 
7.28818E+01 3.22903E-03 9.93761E-01 3.63954E+02 
8.09798E+01 3.19919E-03 9.91463E-01 3.63777E+02 
8.90777E+01 3.16635E-03 9.88669E-01 3.63539E+02 
9.71757E+01 3.13058E-03 9.85336E-01 3.63229E+02 
1.05274E+02 3.09192E-03 9.81421E-01 3.62832E+02 
1.13372E+02 3.05044E-03 9.76884E-01 3.62336E+02 
1.21470E+02 3.00622E-03 9.71690E-01 3.61725E+02 
1.29568E+02 2.95932E-03 9.65802E-01 3.60986E+02 
1.37666E+02 2.90985E-03 9.59189E-01 3.60102E+02 
1.45764E+02 2.85788E-03 9.51823E-01 3.59057E+02 
1.53862E+02 2.80353E-03 9.43680E-01 3.57837E+02 
1.61960E+02 2.74691E-03 9.34737E-01 3.56424E+02 
1.70057E+02 2.68813E-03 9.24978E-01 3.54803E+02 
1.78155E+02 2.62733E-03 9.14390E-01 3.52959E+02 
1.86253E+02 2.56464E-03 9.02966E-01 3.50877E+02 
1.94351E+02 2.50019E-03 8.90702E-01 3.48543E+02 
2.02449E+02 2.43415E-03 8.77598E-01 3.45943E+02 
2.10547E+02 2.36667E-03 8.63663E-01 3.43064E+02 
2.18645E+02 2.29791E-03 8.48906E-01 3.39897E+02 
2.26743E+02 2.22804E-03 8.33345E-01 3.36431E+02 
2.34841E+02 2.15723E-03 8.17002E-01 3.32659E+02 
2.42939E+02 2.08566E-03 7.99903E-01 3.28574E+02 
2.51037E+02 2.01350E-03 7.82080E-01 3.24171E+02 
2.59135E+02 1.94093E-03 7.63570E-01 3.19449E+02 
2.67233E+02 1.86814E-03 7.44412E-01 3.14406E+02 
2.75331E+02 1.79531E-03 7.24654E-01 3.09046E+02 
2.83429E+02 1.72262E-03 7.04347E-01 3.03372E+02 
2.91527E+02 1.65030E-03 6.83556E-01 2.97395E+02 
2.99625E+02 1.57851E-03 6.62337E-01 2.91123E+02 
3.07723E+02 1.50741E-03 6.40747E-01 2.84566E+02 
3.15821E+02 1.43717E-03 6.18848E-01 2.77739E+02 
3.23919E+02 1.36793E-03 5.96701E-01 2.70654E+02 
3.32017E+02 1.29983E-03 5.74369E-01 2.63330E+02 
3.40115E+02 1.23302E-03 5.51918E-01 2.55785E+02 
3.48213E+02 1.16763E-03 5.29412E-01 2.48039E+02 
3.56311E+02 1.10376E-03 5.06916E-01 2.40115E+02 
3.64409E+02 1.04154E-03 4.84494E-01 2.32035E+02 
3.72507E+02 9.81057E-04 4.62210E-01 2.23824E+02 
3.80605E+02 9.22404E-04 4.40125E-01 2.15508E+02 
3.88703E+02 8.65657E-04 4.18298E-01 2.07113E+02 
3.96801E+02 8.10882E-04 3.96787E-01 1.98664E+02 
4.04899E+02 7.58136E-04 3.75645E-01 1.90190E+02 
4.12997E+02 7.07462E-04 3.54923E-01 1.81716E+02 
4.21095E+02 6.58891E-04 3.34668E-01 1.73269E+02 
4.29193E+02 6.12447E-04 3.14925E-01 1.64875E+02 
4.37291E+02 5.68141E-04 2.95731E-01 1.56560E+02 
4.45389E+02 5.25973E-04 2.77122E-01 1.48348E+02 
4.53487E+02 4.85935E-04 2.59129E-01 1.40261E+02 
4.61585E+02 4.48009E-04 2.41778E-01 1.32323E+02 
4.69683E+02 4.12169E-04 2.25091E-01 1.24554E+02 
4.77781E+02 3.78381E-04 2.09086E-01 1.16972E+02 
4.85878E+02 3.46603E-04 1.93775E-01 1.09595E+02 
4.93976E+02 3.16787E-04 1.79169E-01 1.02440E+02 
5.02074E+02 2.88878E-04 1.65271E-01 9.55187E+01 
5.10172E+02 2.62818E-04 1.52082E-01 8.88442E+01 
5.18270E+02 2.38543E-04 1.39601E-01 8.24264E+01 
5.26368E+02 2.15985E-04 1.27820E-01 7.62735E+01 
5.34466E+02 1.95076E-04 1.16730E-01 7.03917E+01 
5.42564E+02 1.75741E-04 1.06319E-01 6.47857E+01 
5.50662E+02 1.57907E-04 9.65717E-02 5.94582E+01 
5.58760E+02 1.41499E-04 8.74708E-02 5.44102E+01 
5.66858E+02 1.26441E-04 7.89967E-02 4.96413E+01 
5.74956E+02 1.12656E-04 7.11281E-02 4.51495E+01 
5.83054E+02 1.00072E-04 6.38423E-02 4.09314E+01 
5.91152E+02 8.86125E-05 5.71153E-02 3.69823E+01 
5.99250E+02 7.82060E-05 5.09220E-02 3.32964E+01 
6.07348E+02 6.87815E-05 4.52369E-02 2.98669E+01 
6.15446E+02 6.02705E-05 4.00339E-02 2.66861E+01 
6.23544E+02 5.26066E-05 3.52867E-02 2.37455E+01 
6.31642E+02 4.57262E-05 3.09690E-02 2.10361E+01 
6.39740E+02 3.95681E-05 2.70549E-02 1.85482E+01 
6.47838E+02 3.40744E-05 2.35185E-02 1.62717E+01 
6.55936E+02 2.91899E-05 2.03348E-02 1.41965E+01 
6.64034E+02 2.48626E-05 1.74792E-02 1.23121E+01 
6.72132E+02 2.10434E-05 1.49280E-02 1.06079E+01 
6.80230E+02 1.76863E-05 1.26582E-02 9.07329E+00 
6.88328E+02 1.47484E-05 1.06482E-02 7.69800E+00 
6.96426E+02 1.21896E-05 8.87679E-03 6.47171E+00 
7.04524E+02 9.97300E-06 7.32431E-03 5.38438E+00 
7.12622E+02 8.06417E-06 5.97197E-03 4.42627E+00 
7.20720E+02 6.43156E-06 4.80210E-03 3.58798E+00 
7.28818E+02 5.04619E-06 3.79819E-03 2.86048E+00 
7.36916E+02 3.88152E-06 2.94478E-03 2.23514E+00 
7.45014E+02 2.91334E-06 2.22751E-03 1.70376E+00 
7.53112E+02 2.11964E-06 1.63309E-03 1.25858E+00 
7.61210E+02 1.48049E-06 1.14925E-03 8.92309E-01 
7.69308E+02 9.77871E-07 7.64706E-04 5.98093E-01 
7.77406E+02 5.95550E-07 4.69112E-04 3.69551E-01 
7.85504E+02 3.18959E-07 2.53035E-04 2.00747E-01 
7.93602E+02 1.35050E-07 1.07888E-04 8.61906E-02 
8.01700E+02 3.21845E-08 2.58881E-05 2.08237E-02 
