200 2 
0.00000E+00 3.54512E-03 1.00000E+00 3.44661E+02 
7.99664E+00 3.54325E-03 9.99990E-01 3.44661E+02 
1.59530E+01 3.53771E-03 9.99921E-01 3.44660E+02 
2.38691E+01 3.52855E-03 9.99736E-01 3.44657E+02 
3.17448E+01 3.51584E-03 9.99381E-01 3.44647E+02 
3.95803E+01 3.49966E-03 9.98801E-01 3.44626E+02 
4.73756E+01 3.48008E-03 9.97948E-01 3.44589E+02 
5.51305E+01 3.45720E-03 9.96773E-01 3.44528E+02 
6.28451E+01 3.43110E-03 9.95232E-01 3.44437E+02 
7.05195E+01 3.40189E-03 9.93281E-01 3.44306E+02 
7.81535E+01 3.36965E-03 9.90883E-01 3.44128E+02 
8.57473E+01 3.33449E-03 9.87999E-01 3.43891E+02 
9.33008E+01 3.29653E-03 9.84599E-01 3.43587E+02 
1.00814E+02 3.25587E-03 9.80651E-01 3.43203E+02 
1.08287E+02 3.21263E-03 9.76129E-01 3.42730E+02 
1.15720E+02 3.16695E-03 9.71010E-01 3.42156E+02 
1.23112E+02 3.11893E-03 9.65275E-01 3.41471E+02 
1.30464E+02 3.06871E-03 9.58906E-01 3.40663E+02 
1.37776E+02 3.01642E-03 9.51891E-01 3.39721E+02 
1.45047E+02 2.96221E-03 9.44224E-01 3.38637E+02 
1.52279E+02 2.90621E-03 9.35897E-01 3.37399E+02 
1.59469E+02 2.84855E-03 9.26909E-01 3.35997E+02 
1.66620E+02 2.78939E-03 9.17262E-01 3.34420E+02 
1.73730E+02 2.72887E-03 9.06961E-01 3.32671E+02 
1.80801E+02 2.66712E-03 8.96016E-01 3.30730E+02 
1.87830E+02 2.60432E-03 8.84438E-01 3.28596E+02 
1.94820E+02 2.54058E-03 8.72243E-01 3.26262E+02 
2.01769E+02 2.47606E-03 8.59450E-01 3.23725E+02 
2.08678E+02 2.41091E-03 8.46079E-01 3.20980E+02 
2.15547E+02 2.34527E-03 8.32155E-01 3.18027E+02 
2.22375E+02 2.27928E-03 8.17705E-01 3.14862E+02 
2.29163E+02 2.21307E-03 8.02757E-01 3.11487E+02 
2.35911E+02 2.14679E-03 7.87343E-01 3.07902E+02 
2.42618E+02 2.08055E-03 7.71496E-01 3.04110E+02 
2.49286E+02 2.01450E-03 7.55249E-01 3.00114E+02 
2.55913E+02 1.94874E-03 7.38640E-01 2.95919E+02 
2.62499E+02 1.88341E-03 7.21704E-01 2.91529E+02 
2.69046E+02 1.81860E-03 7.04480E-01 2.86951E+02 
2.75552E+02 1.75443E-03 6.87007E-01 2.82193E+02 
2.82017E+02 1.69099E-03 6.69323E-01 2.77262E+02 
2.88443E+02 1.62839E-03 6.51466E-01 2.72169E+02 
2.94828E+02 1.56670E-03 6.33476E-01 2.66922E+02 
3.01173E+02 1.50601E-03 6.15390E-01 2.61533E+02 
3.07478E+02 1.44639E-03 5.97247E-01 2.56011E+02 
3.13742E+02 1.38791E-03 5.79083E-01 2.50369E+02 
3.19966E+02 1.33063E-03 5.60935E-01 2.44619E+02 
3.26150E+02 1.27461E-03 5.42837E-01 2.38772E+02 
3.32294E+02 1.21990E-03 5.24824E-01 2.32842E+02 
3.38397E+02 1.16653E-03 5.06928E-01 2.26840E+02 
3.44460E+02 1.11455E-03 4.89182E-01 2.20781E+02 
3.50482E+02 1.06399E-03 4.71614E-01 2.14677E+02 
3.56465E+02 1.01487E-03 4.54253E-01 2.08540E+02 
3.62407E+02 9.67223E-04 4.37126E-01 2.02384E+02 
3.68309E+02 9.21049E-04 4.20257E-01 1.96221E+02 
3.74170E+02 8.76365E-04 4.03669E-01 1.90063E+02 
3.79991E+02 8.33174E-04 3.87383E-01 1.83922E+02 
3.85772E+02 7.91477E-04 3.71418E-01 1.77810E+02 
3.91513E+02 7.51269E-04 3.55792E-01 1.71737E+02 
3.97213E+02 7.12542E-04 3.40521E-01 1.65714E+02 
4.02873E+02 6.75284E-04 3.25616E-01 1.59752E+02 
4.08493E+02 6.39480E-04 3.11091E-01 1.53860E+02 
4.14073E+02 6.05109E-04 2.96956E-01 1.48046E+02 
4.19612E+02 5.72151E-04 2.83218E-01 1.42320E+02 
4.25111E+02 5.40580E-04 2.69884E-01 1.36688E+02 
4.30570E+02 5.10371E-04 2.56960E-01 1.31159E+02 
4.35988E+02 4.81493E-04 2.44448E-01 1.25738E+02 
4.41366E+02 4.53920E-04 2.32352E-01 1.20432E+02 
4.46704E+02 4.27608E-04 2.20670E-01 1.15245E+02 
4.52001E+02 4.02533E-04 2.09403E-01 1.10182E+02 
4.57259E+02 3.78658E-04 1.98549E-01 1.05248E+02 
4.62476E+02 3.55946E-04 1.88105E-01 1.00445E+02 
4.67652E+02 3.34359E-04 1.78067E-01 9.57766E+01 
4.72789E+02 3.13864E-04 1.68430E-01 9.12453E+01 
4.77885E+02 2.94420E-04 1.59188E-01 8.68523E+01 
4.82941E+02 2.75990E-04 1.50334E-01 8.25990E+01 
4.87956E+02 2.58536E-04 1.41861E-01 7.84861E+01 
4.92931E+02 2.42021E-04 1.33762E-01 7.45139E+01 
4.97866E+02 2.26407E-04 1.26027E-01 7.06823E+01 
5.02761E+02 2.11657E-04 1.18647E-01 6.69906E+01 
5.07615E+02 1.97737E-04 1.11615E-01 6.34379E+01 
5.12429E+02 1.84607E-04 1.04919E-01 6.00229E+01 
5.17203E+02 1.72235E-04 9.85502E-02 5.67440E+01 
5.21937E+02 1.60585E-04 9.24975E-02 5.35993E+01 
5.26630E+02 1.49624E-04 8.67509E-02 5.05865E+01 
5.31283E+02 1.39318E-04 8.13000E-02 4.77034E+01 
5.35896E+02 1.29637E-04 7.61344E-02 4.49471E+01 
5.40468E+02 1.20549E-04 7.12434E-02 4.23150E+01 
5.45000E+02 1.12023E-04 6.66167E-02 3.98040E+01 
5.49492E+02 1.04032E-04 6.22437E-02 3.74109E+01 
5.53943E+02 9.65471E-05 5.81141E-02 3.51327E+01 
5.58355E+02 8.95410E-05 5.42179E-02 3.29658E+01 
5.62726E+02 8.29880E-05 5.05448E-02 3.09070E+01 
5.67056E+02 7.68632E-05 4.70851E-02 2.89527E+01 
5.71347E+02 7.11426E-05 4.38290E-02 2.70994E+01 
5.75597E+02 6.58033E-05 4.07672E-02 2.53436E+01 
5.79807E+02 6.08235E-05 3.78905E-02 2.36818E+01 
5.83976E+02 5.61820E-05 3.51897E-02 2.21103E+01 
5.88105E+02 5.18591E-05 3.26564E-02 2.06257E+01 
5.92194E+02 4.78355E-05 3.02820E-02 1.92245E+01 
5.96243E+02 4.40932E-05 2.80583E-02 1.79031E+01 
6.00251E+02 4.06149E-05 2.59775E-02 1.66583E+01 
6.04220E+02 3.73842E-05 2.40319E-02 1.54867E+01 
6.08147E+02 3.43857E-05 2.22143E-02 1.43849E+01 
6.12035E+02 3.16045E-05 2.05176E-02 1.33498E+01 
6.15882E+02 2.90263E-05 1.89348E-02 1.23781E+01 
6.19689E+02 2.66391E-05 1.74600E-02 1.14670E+01 
6.23456E+02 2.44293E-05 1.60865E-02 1.06133E+01 
6.27182E+02 2.23854E-05 1.48085E-02 9.81416E+00 
6.30868E+02 2.04964E-05 1.36203E-02 9.06678E+00 
6.34514E+02 1.87518E-05 1.25166E-02 8.36848E+00 
6.38120E+02 1.71418E-05 1.14921E-02 7.71661E+00 
6.41685E+02 1.56571E-05 1.05420E-02 7.10868E+00 
6.45210E+02 1.42888E-05 9.66168E-03 6.54223E+00 
6.48695E+02 1.30289E-05 8.84662E-03 6.01494E+00 
6.52139E+02 1.18697E-05 8.09267E-03 5.52457E+00 
6.55543E+02 1.08040E-05 7.39585E-03 5.06898E+00 
6.58907E+02 9.82490E-06 6.75238E-03 4.64610E+00 
6.62230E+02 8.92620E-06 6.15877E-03 4.25397E+00 
6.65514E+02 8.10195E-06 5.61159E-03 3.89073E+00 
6.68757E+02 7.34664E-06 5.10771E-03 3.55458E+00 
6.71959E+02 6.65505E-06 4.64411E-03 3.24381E+00 
6.75122E+02 6.02237E-06 4.21799E-03 2.95681E+00 
6.78244E+02 5.44410E-06 3.82670E-03 2.69204E+00 
6.81326E+02 4.91606E-06 3.46775E-03 2.44804E+00 
6.84367E+02 4.43430E-06 3.13880E-03 2.22342E+00 
6.87369E+02 3.99520E-06 2.83764E-03 2.01687E+00 
6.90329E+02 3.59538E-06 2.56224E-03 1.82716E+00 
6.93250E+02 3.23168E-06 2.31064E-03 1.65312E+00 
6.96131E+02 2.90118E-06 2.08105E-03 1.49363E+00 
6.98971E+02 2.60116E-06 1.87178E-03 1.34765E+00 
7.01771E+02 2.32912E-06 1.68125E-03 1.21422E+00 
7.04530E+02 2.08270E-06 1.50799E-03 1.09239E+00 
7.07249E+02 1.85978E-06 1.35063E-03 9.81318E-01 
7.09928E+02 1.65833E-06 1.20789E-03 8.80175E-01 
7.12567E+02 1.47650E-06 1.07857E-03 7.88201E-01 
7.15165E+02 1.31260E-06 9.61572E-04 7.04681E-01 
7.17724E+02 1.16506E-06 8.55865E-04 6.28949E-01 
7.20241E+02 1.03240E-06 7.60494E-04 5.60381E-01 
7.22719E+02 9.13311E-07 6.74573E-04 4.98392E-01 
7.25156E+02 8.06543E-07 5.97281E-04 4.42440E-01 
7.27553E+02 7.10967E-07 5.27861E-04 3.92017E-01 
7.29910E+02 6.25541E-07 4.65610E-04 3.46654E-01 
7.32226E+02 5.49310E-07 4.09881E-04 3.05913E-01 
7.34502E+02 4.81395E-07 3.60076E-04 2.69389E-01 
7.36738E+02 4.20994E-07 3.15645E-04 2.36706E-01 
7.38934E+02 3.67371E-07 2.76081E-04 2.07514E-01 
7.41089E+02 3.19853E-07 2.40918E-04 1.81494E-01 
7.43204E+02 2.77827E-07 2.09729E-04 1.58348E-01 
7.45279E+02 2.40732E-07 1.82122E-04 1.37802E-01 
7.47313E+02 2.08059E-07 1.57740E-04 1.19606E-01 
7.49307E+02 1.79342E-07 1.36251E-04 1.03526E-01 
7.51261E+02 1.54161E-07 1.17358E-04 8.93516E-02 
7.53175E+02 1.32132E-07 1.00788E-04 7.68873E-02 
7.55048E+02 1.12909E-07 8.62919E-05 6.59560E-02 
7.56881E+02 9.61765E-08 7.36434E-05 5.63944E-02 
7.58674E+02 8.16534E-08 6.26383E-05 4.80552E-02 
7.60426E+02 6.90825E-08 5.30903E-05 4.08032E-02 
7.62138E+02 5.82347E-08 4.48323E-05 3.45166E-02 
7.63810E+02 4.89025E-08 3.77123E-05 2.90844E-02 
7.65441E+02 4.09013E-08 3.15944E-05 2.44066E-02 
7.67033E+02 3.40644E-08 2.63559E-05 2.03928E-02 
7.68584E+02 2.82444E-08 2.18873E-05 1.69618E-02 
7.70094E+02 2.33087E-08 1.80902E-05 1.40406E-02 
7.71565E+02 1.91402E-08 1.48771E-05 1.15639E-02 
7.72995E+02 1.56346E-08 1.21699E-05 9.47321E-03 
7.74385E+02 1.27002E-08 9.89959E-06 7.71677E-03 
7.75734E+02 1.02557E-08 8.00501E-06 6.24839E-03 
7.77044E+02 8.22985E-09 6.43218E-06 5.02728E-03 
7.78313E+02 0.00000E+00 0.00000E+00 0.00000E+00 
7.79541E+02 0.00000E+00 0.00000E+00 0.00000E+00 
7.80730E+02 0.00000E+00 0.00000E+00 0.00000E+00 
7.81878E+02 0.00000E+00 0.00000E+00 0.00000E+00 
7.82986E+02 0.00000E+00 0.00000E+00 0.00000E+00 
7.84053E+02 0.00000E+00 0.00000E+00 0.00000E+00 
7.85081E+02 0.00000E+00 0.00000E+00 0.00000E+00 
7.86068E+02 0.00000E+00 0.00000E+00 0.00000E+00 
7.87014E+02 0.00000E+00 0.00000E+00 0.00000E+00 
7.87921E+02 0.00000E+00 0.00000E+00 0.00000E+00 
7.88787E+02 0.00000E+00 0.00000E+00 0.00000E+00 
7.89613E+02 0.00000E+00 0.00000E+00 0.00000E+00 
7.90398E+02 0.00000E+00 0.00000E+00 0.00000E+00 
7.91143E+02 0.00000E+00 0.00000E+00 0.00000E+00 
7.91849E+02 0.00000E+00 0.00000E+00 0.00000E+00 
7.92513E+02 0.00000E+00 0.00000E+00 0.00000E+00 
7.93138E+02 0.00000E+00 0.00000E+00 0.00000E+00 
7.93722E+02 0.00000E+00 0.00000E+00 0.00000E+00 
7.94266E+02 0.00000E+00 0.00000E+00 0.00000E+00 
7.94769E+02 0.00000E+00 0.00000E+00 0.00000E+00 
7.95232E+02 0.00000E+00 0.00000E+00 0.00000E+00 
7.95655E+02 0.00000E+00 0.00000E+00 0.00000E+00 
7.96038E+02 0.00000E+00 0.00000E+00 0.00000E+00 
7.96381E+02 0.00000E+00 0.00000E+00 0.00000E+00 
7.96683E+02 0.00000E+00 0.00000E+00 0.00000E+00 
7.96945E+02 0.00000E+00 0.00000E+00 0.00000E+00 
7.97166E+02 0.00000E+00 0.00000E+00 0.00000E+00 
7.97347E+02 0.00000E+00 0.00000E+00 0.00000E+00 
7.97488E+02 0.00000E+00 0.00000E+00 0.00000E+00 
7.97589E+02 0.00000E+00 0.00000E+00 0.00000E+00 
7.97650E+02 0.00000E+00 0.00000E+00 0.00000E+00 
7.97670E+02 0.00000E+00 0.00000E+00 0.00000E+00 
