100 2 
0.00000E+00 3.46880E-03 1.00000E+00 3.54472E+02 
7.95129E+00 3.46703E-03 9.99991E-01 3.54472E+02 
1.59026E+01 3.46174E-03 9.99925E-01 3.54471E+02 
2.38539E+01 3.45293E-03 9.99748E-01 3.54467E+02 
3.18051E+01 3.44063E-03 9.99403E-01 3.54458E+02 
3.97564E+01 3.42484E-03 9.98836E-01 3.54437E+02 
4.77077E+01 3.40560E-03 9.97992E-01 3.54400E+02 
5.56590E+01 3.38294E-03 9.96819E-01 3.54339E+02 
6.36103E+01 3.35691E-03 9.95264E-01 3.54246E+02 
7.15616E+01 3.32755E-03 9.93278E-01 3.54112E+02 
7.95129E+01 3.29491E-03 9.90810E-01 3.53925E+02 
8.74641E+01 3.25907E-03 9.87816E-01 3.53675E+02 
9.54154E+01 3.22009E-03 9.84249E-01 3.53348E+02 
1.03367E+02 3.17805E-03 9.80069E-01 3.52932E+02 
1.11318E+02 3.13303E-03 9.75235E-01 3.52413E+02 
1.19269E+02 3.08514E-03 9.69711E-01 3.51776E+02 
1.27221E+02 3.03446E-03 9.63464E-01 3.51005E+02 
1.35172E+02 2.98112E-03 9.56464E-01 3.50086E+02 
1.43123E+02 2.92523E-03 9.48685E-01 3.49003E+02 
1.51074E+02 2.86692E-03 9.40106E-01 3.47741E+02 
1.59026E+02 2.80632E-03 9.30708E-01 3.46283E+02 
1.66977E+02 2.74357E-03 9.20479E-01 3.44615E+02 
1.74928E+02 2.67882E-03 9.09409E-01 3.42722E+02 
1.82880E+02 2.61224E-03 8.97496E-01 3.40590E+02 
1.90831E+02 2.54398E-03 8.84739E-01 3.38206E+02 
1.98782E+02 2.47420E-03 8.71146E-01 3.35557E+02 
2.06733E+02 2.40309E-03 8.56727E-01 3.32633E+02 
2.14685E+02 2.33082E-03 8.41498E-01 3.29424E+02 
2.22636E+02 2.25758E-03 8.25482E-01 3.25921E+02 
2.30587E+02 2.18353E-03 8.08703E-01 3.22119E+02 
2.38539E+02 2.10889E-03 7.91193E-01 3.18011E+02 
2.46490E+02 2.03382E-03 7.72987E-01 3.13595E+02 
2.54441E+02 1.95852E-03 7.54126E-01 3.08871E+02 
2.62392E+02 1.88316E-03 7.34655E-01 3.03839E+02 
2.70344E+02 1.80795E-03 7.14620E-01 2.98502E+02 
2.78295E+02 1.73305E-03 6.94074E-01 2.92865E+02 
2.86246E+02 1.65865E-03 6.73072E-01 2.86937E+02 
2.94198E+02 1.58491E-03 6.51672E-01 2.80726E+02 
3.02149E+02 1.51203E-03 6.29944E-01 2.74247E+02 
3.10100E+02 1.44020E-03 6.07956E-01 2.67516E+02 
3.18051E+02 1.36956E-03 5.85769E-01 2.60547E+02 
3.26003E+02 1.30024E-03 5.63447E-01 2.53359E+02 
3.33954E+02 1.23237E-03 5.41052E-01 2.45969E+02 
3.41905E+02 1.16607E-03 5.18647E-01 2.38398E+02 
3.49857E+02 1.10144E-03 4.96296E-01 2.30667E+02 
3.57808E+02 1.03860E-03 4.74061E-01 2.22799E+02 
3.65759E+02 9.77617E-04 4.52000E-01 2.14818E+02 
3.73710E+02 9.18581E-04 4.30174E-01 2.06749E+02 
3.81662E+02 8.61555E-04 4.08638E-01 1.98615E+02 
3.89613E+02 8.06596E-04 3.87445E-01 1.90442E+02 
3.97564E+02 7.53748E-04 3.66646E-01 1.82256E+02 
4.05516E+02 7.03045E-04 3.46288E-01 1.74082E+02 
4.13467E+02 6.54509E-04 3.26414E-01 1.65944E+02 
4.21418E+02 6.08153E-04 3.07065E-01 1.57868E+02 
4.29369E+02 5.63981E-04 2.88276E-01 1.49875E+02 
4.37321E+02 5.21984E-04 2.70078E-01 1.41990E+02 
4.45272E+02 4.82146E-04 2.52499E-01 1.34233E+02 
4.53223E+02 4.44443E-04 2.35562E-01 1.26624E+02 
4.61175E+02 4.08842E-04 2.19287E-01 1.19184E+02 
4.69126E+02 3.75303E-04 2.03688E-01 1.11928E+02 
4.77077E+02 3.43779E-04 1.88775E-01 1.04873E+02 
4.85028E+02 3.14217E-04 1.74555E-01 9.80332E+01 
4.92980E+02 2.86560E-04 1.61032E-01 9.14208E+01 
5.00931E+02 2.60745E-04 1.48204E-01 8.50465E+01 
5.08882E+02 2.36706E-04 1.36068E-01 7.89192E+01 
5.16834E+02 2.14373E-04 1.24616E-01 7.30462E+01 
5.24785E+02 1.93675E-04 1.13837E-01 6.74329E+01 
5.32736E+02 1.74537E-04 1.03719E-01 6.20833E+01 
5.40687E+02 1.56885E-04 9.42457E-02 5.69995E+01 
5.48639E+02 1.40644E-04 8.54003E-02 5.21821E+01 
5.56590E+02 1.25736E-04 7.71629E-02 4.76304E+01 
5.64541E+02 1.12087E-04 6.95125E-02 4.33422E+01 
5.72493E+02 9.96215E-05 6.24266E-02 3.93142E+01 
5.80444E+02 8.82670E-05 5.58818E-02 3.55416E+01 
5.88395E+02 7.79512E-05 4.98537E-02 3.20190E+01 
5.96346E+02 6.86043E-05 4.43175E-02 2.87398E+01 
6.04298E+02 6.01585E-05 3.92479E-02 2.56967E+01 
6.12249E+02 5.25485E-05 3.46194E-02 2.28817E+01 
6.20200E+02 4.57116E-05 3.04069E-02 2.02860E+01 
6.28152E+02 3.95879E-05 2.65850E-02 1.79008E+01 
6.36103E+02 3.41203E-05 2.31293E-02 1.57165E+01 
6.44054E+02 2.92548E-05 2.00153E-02 1.37236E+01 
6.52005E+02 2.49402E-05 1.72197E-02 1.19121E+01 
6.59957E+02 2.11284E-05 1.47196E-02 1.02723E+01 
6.67908E+02 1.77744E-05 1.24930E-02 8.79421E+00 
6.75859E+02 1.48360E-05 1.05190E-02 7.46805E+00 
6.83811E+02 1.22739E-05 8.77743E-03 6.28422E+00 
6.91762E+02 1.00517E-05 7.24928E-03 5.23331E+00 
6.99713E+02 8.13583E-06 5.91650E-03 4.30617E+00 
7.07664E+02 6.49513E-06 4.76213E-03 3.49397E+00 
7.15616E+02 5.10111E-06 3.77024E-03 2.78821E+00 
7.23567E+02 3.92764E-06 2.92596E-03 2.18076E+00 
7.31518E+02 2.95086E-06 2.21543E-03 1.66391E+00 
7.39470E+02 2.14904E-06 1.62581E-03 1.23032E+00 
7.47421E+02 1.50248E-06 1.14522E-03 8.73096E-01 
7.55372E+02 9.93340E-07 7.62746E-04 5.85765E-01 
7.63323E+02 6.05540E-07 4.68346E-04 3.62268E-01 
7.71275E+02 3.24608E-07 2.52853E-04 1.96970E-01 
7.79226E+02 1.37567E-07 1.07908E-04 8.46454E-02 
7.87177E+02 3.28131E-08 2.59157E-05 2.04683E-02 
