100 2 
0.00000E+00 3.41725E-03 1.00000E+00 3.58968E+02 
8.01909E+00 3.41556E-03 9.99991E-01 3.58968E+02 
1.60382E+01 3.41050E-03 9.99928E-01 3.58968E+02 
2.40573E+01 3.40207E-03 9.99757E-01 3.58964E+02 
3.20764E+01 3.39028E-03 9.99424E-01 3.58955E+02 
4.00955E+01 3.37516E-03 9.98876E-01 3.58935E+02 
4.81145E+01 3.35673E-03 9.98060E-01 3.58899E+02 
5.61336E+01 3.33501E-03 9.96926E-01 3.58839E+02 
6.41527E+01 3.31004E-03 9.95422E-01 3.58748E+02 
7.21718E+01 3.28186E-03 9.93499E-01 3.58617E+02 
8.01909E+01 3.25052E-03 9.91109E-01 3.58435E+02 
8.82100E+01 3.21607E-03 9.88207E-01 3.58190E+02 
9.62291E+01 3.17857E-03 9.84747E-01 3.57871E+02 
1.04248E+02 3.13810E-03 9.80688E-01 3.57463E+02 
1.12267E+02 3.09472E-03 9.75990E-01 3.56954E+02 
1.20286E+02 3.04852E-03 9.70616E-01 3.56329E+02 
1.28305E+02 2.99960E-03 9.64533E-01 3.55572E+02 
1.36325E+02 2.94804E-03 9.57710E-01 3.54669E+02 
1.44344E+02 2.89397E-03 9.50120E-01 3.53603E+02 
1.52363E+02 2.83749E-03 9.41739E-01 3.52359E+02 
1.60382E+02 2.77872E-03 9.32549E-01 3.50922E+02 
1.68401E+02 2.71781E-03 9.22534E-01 3.49275E+02 
1.76420E+02 2.65489E-03 9.11684E-01 3.47404E+02 
1.84439E+02 2.59010E-03 8.99993E-01 3.45294E+02 
1.92458E+02 2.52360E-03 8.87460E-01 3.42931E+02 
2.00477E+02 2.45555E-03 8.74090E-01 3.40304E+02 
2.08496E+02 2.38611E-03 8.59890E-01 3.37400E+02 
2.16515E+02 2.31546E-03 8.44876E-01 3.34209E+02 
2.24535E+02 2.24377E-03 8.29065E-01 3.30721E+02 
2.32554E+02 2.17122E-03 8.12484E-01 3.26931E+02 
2.40573E+02 2.09799E-03 7.95159E-01 3.22833E+02 
2.48592E+02 2.02426E-03 7.77126E-01 3.18422E+02 
2.56611E+02 1.95022E-03 7.58423E-01 3.13697E+02 
2.64630E+02 1.87605E-03 7.39093E-01 3.08658E+02 
2.72649E+02 1.80193E-03 7.19182E-01 3.03309E+02 
2.80668E+02 1.72804E-03 6.98741E-01 2.97654E+02 
2.88687E+02 1.65457E-03 6.77826E-01 2.91699E+02 
2.96706E+02 1.58173E-03 6.56504E-01 2.85458E+02 
3.04725E+02 1.50968E-03 6.34840E-01 2.78943E+02 
3.12745E+02 1.43859E-03 6.12892E-01 2.72167E+02 
3.20764E+02 1.36860E-03 5.90723E-01 2.65145E+02 
3.28783E+02 1.29985E-03 5.68395E-01 2.57893E+02 
3.36802E+02 1.23247E-03 5.45974E-01 2.50432E+02 
3.44821E+02 1.16659E-03 5.23523E-01 2.42780E+02 
3.52840E+02 1.10232E-03 5.01105E-01 2.34960E+02 
3.60859E+02 1.03977E-03 4.78785E-01 2.26995E+02 
3.68878E+02 9.79027E-04 4.56622E-01 2.18909E+02 
3.76897E+02 9.20173E-04 4.34677E-01 2.10726E+02 
3.84916E+02 8.63282E-04 4.13008E-01 2.02472E+02 
3.92935E+02 8.08414E-04 3.91670E-01 1.94174E+02 
4.00954E+02 7.55619E-04 3.70715E-01 1.85856E+02 
4.08974E+02 7.04935E-04 3.50191E-01 1.77545E+02 
4.16993E+02 6.56390E-04 3.30144E-01 1.69266E+02 
4.25012E+02 6.10000E-04 3.10616E-01 1.61045E+02 
4.33031E+02 5.65772E-04 2.91642E-01 1.52905E+02 
4.41050E+02 5.23703E-04 2.73258E-01 1.44871E+02 
4.49069E+02 4.83780E-04 2.55491E-01 1.36964E+02 
4.57088E+02 4.45981E-04 2.38367E-01 1.29206E+02 
4.65107E+02 4.10276E-04 2.21905E-01 1.21616E+02 
4.73126E+02 3.76628E-04 2.06121E-01 1.14212E+02 
4.81145E+02 3.44993E-04 1.91028E-01 1.07011E+02 
4.89164E+02 3.15320E-04 1.76634E-01 1.00028E+02 
4.97184E+02 2.87553E-04 1.62941E-01 9.32752E+01 
5.05203E+02 2.61631E-04 1.49950E-01 8.67647E+01 
5.13222E+02 2.37488E-04 1.37658E-01 8.05057E+01 
5.21241E+02 2.15057E-04 1.26057E-01 7.45058E+01 
5.29260E+02 1.94267E-04 1.15137E-01 6.87709E+01 
5.37279E+02 1.75043E-04 1.04887E-01 6.33052E+01 
5.45298E+02 1.57312E-04 9.52903E-02 5.81110E+01 
5.53317E+02 1.40997E-04 8.63296E-02 5.31892E+01 
5.61336E+02 1.26024E-04 7.79854E-02 4.85392E+01 
5.69355E+02 1.12316E-04 7.02367E-02 4.41589E+01 
5.77374E+02 9.97996E-05 6.30608E-02 4.00449E+01 
5.85394E+02 8.83999E-05 5.64339E-02 3.61924E+01 
5.93413E+02 7.80452E-05 5.03314E-02 3.25960E+01 
6.01432E+02 6.86651E-05 4.47282E-02 2.92488E+01 
6.09451E+02 6.01917E-05 3.95987E-02 2.61435E+01 
6.17470E+02 5.25591E-05 3.49169E-02 2.32717E+01 
6.25489E+02 4.57041E-05 3.06571E-02 2.06246E+01 
6.33508E+02 3.95663E-05 2.67939E-02 1.81930E+01 
6.41527E+02 3.40884E-05 2.33020E-02 1.59671E+01 
6.49546E+02 2.92156E-05 2.01568E-02 1.39370E+01 
6.57565E+02 2.48964E-05 1.73344E-02 1.20925E+01 
6.65584E+02 2.10824E-05 1.48114E-02 1.04236E+01 
6.73604E+02 1.77280E-05 1.25656E-02 8.92002E+00 
6.81623E+02 1.47907E-05 1.05756E-02 7.57169E+00 
6.89642E+02 1.22310E-05 8.82077E-03 6.36870E+00 
6.97661E+02 1.00121E-05 7.28184E-03 5.30135E+00 
7.05680E+02 8.10004E-06 5.94042E-03 4.36024E+00 
7.13699E+02 6.46362E-06 4.77924E-03 3.53628E+00 
7.21718E+02 5.07404E-06 3.78209E-03 2.82072E+00 
7.29737E+02 3.90501E-06 2.93383E-03 2.20521E+00 
7.37756E+02 2.93252E-06 2.22039E-03 1.68181E+00 
7.45775E+02 2.13472E-06 1.62872E-03 1.24301E+00 
7.53794E+02 1.49180E-06 1.14677E-03 8.81718E-01 
7.61814E+02 9.85846E-07 7.63440E-04 5.91292E-01 
7.69833E+02 6.00710E-07 4.68570E-04 3.65530E-01 
7.77852E+02 3.21881E-07 2.52867E-04 1.98660E-01 
7.85871E+02 1.36355E-07 1.07869E-04 8.53366E-02 
7.93890E+02 3.25109E-08 2.58960E-05 2.06271E-02 
