500 2 
0.00000E+00 3.47291E-03 1.01327E+00 3.64092E+02 
1.59534E+00 3.47284E-03 1.01327E+00 3.64092E+02 
3.19068E+00 3.47263E-03 1.01327E+00 3.64092E+02 
4.78602E+00 3.47228E-03 1.01327E+00 3.64092E+02 
6.38136E+00 3.47180E-03 1.01327E+00 3.64092E+02 
7.97670E+00 3.47117E-03 1.01326E+00 3.64092E+02 
9.57204E+00 3.47041E-03 1.01326E+00 3.64092E+02 
1.11674E+01 3.46950E-03 1.01325E+00 3.64092E+02 
1.27627E+01 3.46846E-03 1.01324E+00 3.64092E+02 
1.43581E+01 3.46728E-03 1.01322E+00 3.64091E+02 
1.59534E+01 3.46596E-03 1.01320E+00 3.64091E+02 
1.75487E+01 3.46451E-03 1.01318E+00 3.64091E+02 
1.91441E+01 3.46291E-03 1.01315E+00 3.64090E+02 
2.07394E+01 3.46118E-03 1.01311E+00 3.64089E+02 
2.23348E+01 3.45931E-03 1.01307E+00 3.64089E+02 
2.39301E+01 3.45730E-03 1.01302E+00 3.64088E+02 
2.55254E+01 3.45515E-03 1.01297E+00 3.64086E+02 
2.71208E+01 3.45287E-03 1.01291E+00 3.64085E+02 
2.87161E+01 3.45044E-03 1.01284E+00 3.64083E+02 
3.03115E+01 3.44788E-03 1.01277E+00 3.64081E+02 
3.19068E+01 3.44519E-03 1.01268E+00 3.64078E+02 
3.35021E+01 3.44235E-03 1.01259E+00 3.64075E+02 
3.50975E+01 3.43938E-03 1.01249E+00 3.64071E+02 
3.66928E+01 3.43627E-03 1.01238E+00 3.64067E+02 
3.82881E+01 3.43303E-03 1.01226E+00 3.64063E+02 
3.98835E+01 3.42965E-03 1.01212E+00 3.64058E+02 
4.14788E+01 3.42613E-03 1.01198E+00 3.64052E+02 
4.30742E+01 3.42248E-03 1.01183E+00 3.64045E+02 
4.46695E+01 3.41869E-03 1.01166E+00 3.64038E+02 
4.62648E+01 3.41477E-03 1.01148E+00 3.64030E+02 
4.78602E+01 3.41071E-03 1.01129E+00 3.64021E+02 
4.94555E+01 3.40652E-03 1.01109E+00 3.64011E+02 
5.10509E+01 3.40219E-03 1.01087E+00 3.64000E+02 
5.26462E+01 3.39773E-03 1.01064E+00 3.63988E+02 
5.42415E+01 3.39313E-03 1.01039E+00 3.63975E+02 
5.58369E+01 3.38840E-03 1.01013E+00 3.63961E+02 
5.74322E+01 3.38354E-03 1.00986E+00 3.63945E+02 
5.90276E+01 3.37855E-03 1.00957E+00 3.63928E+02 
6.06229E+01 3.37342E-03 1.00926E+00 3.63910E+02 
6.22182E+01 3.36816E-03 1.00894E+00 3.63890E+02 
6.38136E+01 3.36277E-03 1.00860E+00 3.63868E+02 
6.54089E+01 3.35725E-03 1.00824E+00 3.63845E+02 
6.70043E+01 3.35159E-03 1.00787E+00 3.63821E+02 
6.85996E+01 3.34581E-03 1.00747E+00 3.63794E+02 
7.01949E+01 3.33990E-03 1.00706E+00 3.63765E+02 
7.17903E+01 3.33385E-03 1.00663E+00 3.63735E+02 
7.33856E+01 3.32768E-03 1.00619E+00 3.63702E+02 
7.49810E+01 3.32138E-03 1.00572E+00 3.63668E+02 
7.65763E+01 3.31495E-03 1.00523E+00 3.63631E+02 
7.81716E+01 3.30839E-03 1.00472E+00 3.63592E+02 
7.97670E+01 3.30170E-03 1.00420E+00 3.63550E+02 
8.13623E+01 3.29489E-03 1.00365E+00 3.63506E+02 
8.29577E+01 3.28795E-03 1.00308E+00 3.63459E+02 
8.45530E+01 3.28089E-03 1.00248E+00 3.63409E+02 
8.61483E+01 3.27370E-03 1.00187E+00 3.63357E+02 
8.77437E+01 3.26638E-03 1.00123E+00 3.63302E+02 
8.93390E+01 3.25895E-03 1.00058E+00 3.63243E+02 
9.09343E+01 3.25138E-03 9.99894E-01 3.63182E+02 
9.25297E+01 3.24370E-03 9.99189E-01 3.63117E+02 
9.41250E+01 3.23589E-03 9.98461E-01 3.63049E+02 
9.57204E+01 3.22796E-03 9.97708E-01 3.62978E+02 
9.73157E+01 3.21991E-03 9.96931E-01 3.62903E+02 
9.89110E+01 3.21174E-03 9.96129E-01 3.62824E+02 
1.00506E+02 3.20345E-03 9.95302E-01 3.62742E+02 
1.02102E+02 3.19504E-03 9.94450E-01 3.62655E+02 
1.03697E+02 3.18651E-03 9.93573E-01 3.62565E+02 
1.05292E+02 3.17786E-03 9.92669E-01 3.62471E+02 
1.06888E+02 3.16909E-03 9.91739E-01 3.62372E+02 
1.08483E+02 3.16021E-03 9.90783E-01 3.62269E+02 
1.10078E+02 3.15122E-03 9.89800E-01 3.62161E+02 
1.11674E+02 3.14210E-03 9.88789E-01 3.62049E+02 
1.13269E+02 3.13288E-03 9.87752E-01 3.61933E+02 
1.14864E+02 3.12354E-03 9.86686E-01 3.61811E+02 
1.16460E+02 3.11409E-03 9.85593E-01 3.61685E+02 
1.18055E+02 3.10452E-03 9.84471E-01 3.61553E+02 
1.19650E+02 3.09485E-03 9.83321E-01 3.61417E+02 
1.21246E+02 3.08506E-03 9.82143E-01 3.61275E+02 
1.22841E+02 3.07516E-03 9.80935E-01 3.61127E+02 
1.24436E+02 3.06516E-03 9.79698E-01 3.60974E+02 
1.26032E+02 3.05505E-03 9.78432E-01 3.60816E+02 
1.27627E+02 3.04483E-03 9.77135E-01 3.60651E+02 
1.29223E+02 3.03450E-03 9.75809E-01 3.60481E+02 
1.30818E+02 3.02407E-03 9.74453E-01 3.60305E+02 
1.32413E+02 3.01353E-03 9.73066E-01 3.60122E+02 
1.34009E+02 3.00290E-03 9.71649E-01 3.59933E+02 
1.35604E+02 2.99216E-03 9.70201E-01 3.59738E+02 
1.37199E+02 2.98131E-03 9.68722E-01 3.59536E+02 
1.38795E+02 2.97037E-03 9.67212E-01 3.59328E+02 
1.40390E+02 2.95933E-03 9.65671E-01 3.59113E+02 
1.41985E+02 2.94818E-03 9.64097E-01 3.58891E+02 
1.43581E+02 2.93694E-03 9.62493E-01 3.58661E+02 
1.45176E+02 2.92561E-03 9.60856E-01 3.58425E+02 
1.46771E+02 2.91418E-03 9.59187E-01 3.58182E+02 
1.48367E+02 2.90265E-03 9.57486E-01 3.57931E+02 
1.49962E+02 2.89103E-03 9.55753E-01 3.57672E+02 
1.51557E+02 2.87932E-03 9.53987E-01 3.57406E+02 
1.53153E+02 2.86751E-03 9.52189E-01 3.57132E+02 
1.54748E+02 2.85562E-03 9.50358E-01 3.56850E+02 
1.56343E+02 2.84364E-03 9.48494E-01 3.56560E+02 
1.57939E+02 2.83156E-03 9.46597E-01 3.56262E+02 
1.59534E+02 2.81941E-03 9.44667E-01 3.55955E+02 
1.61129E+02 2.80716E-03 9.42703E-01 3.55641E+02 
1.62725E+02 2.79483E-03 9.40707E-01 3.55317E+02 
1.64320E+02 2.78242E-03 9.38677E-01 3.54985E+02 
1.65915E+02 2.76992E-03 9.36614E-01 3.54645E+02 
1.67511E+02 2.75734E-03 9.34517E-01 3.54295E+02 
1.69106E+02 2.74469E-03 9.32387E-01 3.53937E+02 
1.70701E+02 2.73195E-03 9.30223E-01 3.53569E+02 
1.72297E+02 2.71914E-03 9.28025E-01 3.53192E+02 
1.73892E+02 2.70625E-03 9.25794E-01 3.52806E+02 
1.75487E+02 2.69328E-03 9.23529E-01 3.52410E+02 
1.77083E+02 2.68024E-03 9.21230E-01 3.52005E+02 
1.78678E+02 2.66713E-03 9.18898E-01 3.51590E+02 
1.80273E+02 2.65395E-03 9.16532E-01 3.51165E+02 
1.81869E+02 2.64069E-03 9.14132E-01 3.50731E+02 
1.83464E+02 2.62737E-03 9.11698E-01 3.50286E+02 
1.85059E+02 2.61398E-03 9.09231E-01 3.49832E+02 
1.86655E+02 2.60052E-03 9.06730E-01 3.49367E+02 
1.88250E+02 2.58700E-03 9.04195E-01 3.48892E+02 
1.89845E+02 2.57341E-03 9.01627E-01 3.48406E+02 
1.91441E+02 2.55977E-03 8.99025E-01 3.47910E+02 
1.93036E+02 2.54606E-03 8.96389E-01 3.47403E+02 
1.94631E+02 2.53229E-03 8.93720E-01 3.46886E+02 
1.96227E+02 2.51846E-03 8.91018E-01 3.46358E+02 
1.97822E+02 2.50458E-03 8.88283E-01 3.45819E+02 
1.99417E+02 2.49064E-03 8.85514E-01 3.45269E+02 
2.01013E+02 2.47664E-03 8.82712E-01 3.44708E+02 
2.02608E+02 2.46260E-03 8.79877E-01 3.44136E+02 
2.04203E+02 2.44850E-03 8.77010E-01 3.43553E+02 
2.05799E+02 2.43435E-03 8.74109E-01 3.42958E+02 
2.07394E+02 2.42015E-03 8.71176E-01 3.42352E+02 
2.08989E+02 2.40591E-03 8.68211E-01 3.41735E+02 
2.10585E+02 2.39162E-03 8.65213E-01 3.41106E+02 
2.12180E+02 2.37729E-03 8.62183E-01 3.40465E+02 
2.13775E+02 2.36291E-03 8.59121E-01 3.39813E+02 
2.15371E+02 2.34849E-03 8.56027E-01 3.39149E+02 
2.16966E+02 2.33403E-03 8.52902E-01 3.38474E+02 
2.18562E+02 2.31953E-03 8.49745E-01 3.37786E+02 
2.20157E+02 2.30500E-03 8.46556E-01 3.37087E+02 
2.21752E+02 2.29043E-03 8.43337E-01 3.36376E+02 
2.23348E+02 2.27583E-03 8.40087E-01 3.35652E+02 
2.24943E+02 2.26119E-03 8.36806E-01 3.34917E+02 
2.26538E+02 2.24652E-03 8.33495E-01 3.34169E+02 
2.28134E+02 2.23182E-03 8.30153E-01 3.33410E+02 
2.29729E+02 2.21710E-03 8.26782E-01 3.32638E+02 
2.31324E+02 2.20234E-03 8.23381E-01 3.31854E+02 
2.32920E+02 2.18756E-03 8.19951E-01 3.31058E+02 
2.34515E+02 2.17276E-03 8.16491E-01 3.30249E+02 
2.36110E+02 2.15794E-03 8.13002E-01 3.29428E+02 
2.37706E+02 2.14309E-03 8.09485E-01 3.28595E+02 
2.39301E+02 2.12822E-03 8.05940E-01 3.27749E+02 
2.40896E+02 2.11334E-03 8.02366E-01 3.26891E+02 
2.42492E+02 2.09844E-03 7.98765E-01 3.26021E+02 
2.44087E+02 2.08353E-03 7.95136E-01 3.25138E+02 
2.45682E+02 2.06860E-03 7.91481E-01 3.24243E+02 
2.47278E+02 2.05366E-03 7.87798E-01 3.23335E+02 
2.48873E+02 2.03871E-03 7.84089E-01 3.22415E+02 
2.50468E+02 2.02375E-03 7.80354E-01 3.21483E+02 
2.52064E+02 2.00878E-03 7.76593E-01 3.20538E+02 
2.53659E+02 1.99380E-03 7.72807E-01 3.19580E+02 
2.55254E+02 1.97883E-03 7.68996E-01 3.18610E+02 
2.56850E+02 1.96384E-03 7.65159E-01 3.17628E+02 
2.58445E+02 1.94886E-03 7.61299E-01 3.16633E+02 
2.60040E+02 1.93388E-03 7.57415E-01 3.15626E+02 
2.61636E+02 1.91890E-03 7.53507E-01 3.14607E+02 
2.63231E+02 1.90392E-03 7.49576E-01 3.13576E+02 
2.64826E+02 1.88894E-03 7.45622E-01 3.12532E+02 
2.66422E+02 1.87397E-03 7.41646E-01 3.11475E+02 
2.68017E+02 1.85901E-03 7.37648E-01 3.10407E+02 
2.69612E+02 1.84406E-03 7.33628E-01 3.09326E+02 
2.71208E+02 1.82911E-03 7.29587E-01 3.08234E+02 
2.72803E+02 1.81418E-03 7.25525E-01 3.07129E+02 
2.74398E+02 1.79926E-03 7.21443E-01 3.06012E+02 
2.75994E+02 1.78436E-03 7.17341E-01 3.04883E+02 
2.77589E+02 1.76947E-03 7.13220E-01 3.03742E+02 
2.79184E+02 1.75459E-03 7.09080E-01 3.02590E+02 
2.80780E+02 1.73974E-03 7.04921E-01 3.01425E+02 
2.82375E+02 1.72491E-03 7.00744E-01 3.00249E+02 
2.83970E+02 1.71009E-03 6.96549E-01 2.99062E+02 
2.85566E+02 1.69530E-03 6.92338E-01 2.97862E+02 
2.87161E+02 1.68054E-03 6.88109E-01 2.96651E+02 
2.88756E+02 1.66580E-03 6.83864E-01 2.95429E+02 
2.90352E+02 1.65108E-03 6.79604E-01 2.94195E+02 
2.91947E+02 1.63639E-03 6.75328E-01 2.92950E+02 
2.93542E+02 1.62174E-03 6.71037E-01 2.91694E+02 
2.95138E+02 1.60711E-03 6.66732E-01 2.90427E+02 
2.96733E+02 1.59252E-03 6.62413E-01 2.89149E+02 
2.98328E+02 1.57796E-03 6.58081E-01 2.87860E+02 
2.99924E+02 1.56343E-03 6.53736E-01 2.86560E+02 
3.01519E+02 1.54894E-03 6.49378E-01 2.85250E+02 
3.03115E+02 1.53449E-03 6.45009E-01 2.83929E+02 
3.04710E+02 1.52007E-03 6.40628E-01 2.82598E+02 
3.06305E+02 1.50570E-03 6.36236E-01 2.81256E+02 
3.07901E+02 1.49136E-03 6.31834E-01 2.79904E+02 
3.09496E+02 1.47707E-03 6.27422E-01 2.78542E+02 
3.11091E+02 1.46282E-03 6.23001E-01 2.77170E+02 
3.12687E+02 1.44862E-03 6.18571E-01 2.75788E+02 
3.14282E+02 1.43446E-03 6.14132E-01 2.74397E+02 
3.15877E+02 1.42035E-03 6.09686E-01 2.72996E+02 
3.17473E+02 1.40628E-03 6.05232E-01 2.71586E+02 
3.19068E+02 1.39227E-03 6.00771E-01 2.70166E+02 
3.20663E+02 1.37830E-03 5.96304E-01 2.68737E+02 
3.22259E+02 1.36439E-03 5.91832E-01 2.67299E+02 
3.23854E+02 1.35053E-03 5.87354E-01 2.65853E+02 
3.25449E+02 1.33672E-03 5.82871E-01 2.64397E+02 
3.27045E+02 1.32297E-03 5.78384E-01 2.62934E+02 
3.28640E+02 1.30927E-03 5.73894E-01 2.61461E+02 
3.30235E+02 1.29563E-03 5.69400E-01 2.59981E+02 
3.31831E+02 1.28205E-03 5.64903E-01 2.58492E+02 
3.33426E+02 1.26852E-03 5.60405E-01 2.56996E+02 
3.35021E+02 1.25506E-03 5.55905E-01 2.55492E+02 
3.36617E+02 1.24165E-03 5.51403E-01 2.53980E+02 
3.38212E+02 1.22831E-03 5.46901E-01 2.52461E+02 
3.39807E+02 1.21503E-03 5.42399E-01 2.50935E+02 
3.41403E+02 1.20181E-03 5.37898E-01 2.49402E+02 
3.42998E+02 1.18866E-03 5.33397E-01 2.47862E+02 
3.44593E+02 1.17557E-03 5.28897E-01 2.46315E+02 
3.46189E+02 1.16255E-03 5.24400E-01 2.44761E+02 
3.47784E+02 1.14960E-03 5.19905E-01 2.43202E+02 
3.49379E+02 1.13671E-03 5.15413E-01 2.41636E+02 
3.50975E+02 1.12389E-03 5.10925E-01 2.40064E+02 
3.52570E+02 1.11115E-03 5.06440E-01 2.38487E+02 
3.54165E+02 1.09847E-03 5.01960E-01 2.36903E+02 
3.55761E+02 1.08586E-03 4.97485E-01 2.35315E+02 
3.57356E+02 1.07332E-03 4.93015E-01 2.33721E+02 
3.58951E+02 1.06086E-03 4.88551E-01 2.32123E+02 
3.60547E+02 1.04847E-03 4.84094E-01 2.30519E+02 
3.62142E+02 1.03615E-03 4.79644E-01 2.28911E+02 
3.63737E+02 1.02391E-03 4.75201E-01 2.27298E+02 
3.65333E+02 1.01175E-03 4.70765E-01 2.25682E+02 
3.66928E+02 9.99655E-04 4.66339E-01 2.24061E+02 
3.68523E+02 9.87640E-04 4.61920E-01 2.22436E+02 
3.70119E+02 9.75703E-04 4.57512E-01 2.20808E+02 
3.71714E+02 9.63843E-04 4.53113E-01 2.19176E+02 
3.73309E+02 9.52061E-04 4.48724E-01 2.17541E+02 
3.74905E+02 9.40358E-04 4.44346E-01 2.15903E+02 
3.76500E+02 9.28734E-04 4.39979E-01 2.14263E+02 
3.78095E+02 9.17190E-04 4.35623E-01 2.12619E+02 
3.79691E+02 9.05726E-04 4.31280E-01 2.10974E+02 
3.81286E+02 8.94343E-04 4.26949E-01 2.09326E+02 
3.82881E+02 8.83042E-04 4.22630E-01 2.07676E+02 
3.84477E+02 8.71821E-04 4.18325E-01 2.06024E+02 
3.86072E+02 8.60683E-04 4.14034E-01 2.04371E+02 
3.87668E+02 8.49627E-04 4.09757E-01 2.02716E+02 
3.89263E+02 8.38654E-04 4.05494E-01 2.01060E+02 
3.90858E+02 8.27765E-04 4.01247E-01 1.99403E+02 
3.92454E+02 8.16958E-04 3.97014E-01 1.97746E+02 
3.94049E+02 8.06236E-04 3.92798E-01 1.96088E+02 
3.95644E+02 7.95598E-04 3.88597E-01 1.94429E+02 
3.97240E+02 7.85044E-04 3.84414E-01 1.92770E+02 
3.98835E+02 7.74576E-04 3.80247E-01 1.91112E+02 
4.00430E+02 7.64192E-04 3.76097E-01 1.89453E+02 
4.02026E+02 7.53893E-04 3.71965E-01 1.87796E+02 
4.03621E+02 7.43680E-04 3.67851E-01 1.86138E+02 
4.05216E+02 7.33553E-04 3.63755E-01 1.84482E+02 
4.06812E+02 7.23511E-04 3.59678E-01 1.82827E+02 
4.08407E+02 7.13556E-04 3.55620E-01 1.81173E+02 
4.10002E+02 7.03686E-04 3.51582E-01 1.79520E+02 
4.11598E+02 6.93903E-04 3.47563E-01 1.77869E+02 
4.13193E+02 6.84207E-04 3.43564E-01 1.76220E+02 
4.14788E+02 6.74597E-04 3.39586E-01 1.74573E+02 
4.16384E+02 6.65074E-04 3.35628E-01 1.72928E+02 
4.17979E+02 6.55637E-04 3.31691E-01 1.71286E+02 
4.19574E+02 6.46288E-04 3.27776E-01 1.69646E+02 
4.21170E+02 6.37025E-04 3.23882E-01 1.68009E+02 
4.22765E+02 6.27849E-04 3.20010E-01 1.66375E+02 
4.24360E+02 6.18760E-04 3.16160E-01 1.64745E+02 
4.25956E+02 6.09757E-04 3.12333E-01 1.63118E+02 
4.27551E+02 6.00842E-04 3.08528E-01 1.61494E+02 
4.29146E+02 5.92013E-04 3.04746E-01 1.59874E+02 
4.30742E+02 5.83271E-04 3.00988E-01 1.58258E+02 
4.32337E+02 5.74615E-04 2.97252E-01 1.56646E+02 
4.33932E+02 5.66047E-04 2.93541E-01 1.55039E+02 
4.35528E+02 5.57564E-04 2.89854E-01 1.53436E+02 
4.37123E+02 5.49168E-04 2.86190E-01 1.51837E+02 
4.38718E+02 5.40858E-04 2.82551E-01 1.50244E+02 
4.40314E+02 5.32635E-04 2.78937E-01 1.48655E+02 
4.41909E+02 5.24497E-04 2.75347E-01 1.47071E+02 
4.43504E+02 5.16445E-04 2.71782E-01 1.45493E+02 
4.45100E+02 5.08478E-04 2.68243E-01 1.43921E+02 
4.46695E+02 5.00597E-04 2.64729E-01 1.42354E+02 
4.48290E+02 4.92801E-04 2.61240E-01 1.40793E+02 
4.49886E+02 4.85090E-04 2.57777E-01 1.39238E+02 
4.51481E+02 4.77464E-04 2.54340E-01 1.37688E+02 
4.53076E+02 4.69922E-04 2.50929E-01 1.36146E+02 
4.54672E+02 4.62464E-04 2.47544E-01 1.34609E+02 
4.56267E+02 4.55090E-04 2.44186E-01 1.33080E+02 
4.57862E+02 4.47800E-04 2.40853E-01 1.31557E+02 
4.59458E+02 4.40593E-04 2.37548E-01 1.30041E+02 
4.61053E+02 4.33469E-04 2.34269E-01 1.28532E+02 
4.62648E+02 4.26428E-04 2.31017E-01 1.27030E+02 
4.64244E+02 4.19469E-04 2.27792E-01 1.25535E+02 
4.65839E+02 4.12592E-04 2.24594E-01 1.24048E+02 
4.67434E+02 4.05797E-04 2.21423E-01 1.22568E+02 
4.69030E+02 3.99083E-04 2.18280E-01 1.21096E+02 
4.70625E+02 3.92450E-04 2.15163E-01 1.19632E+02 
4.72220E+02 3.85898E-04 2.12074E-01 1.18176E+02 
4.73816E+02 3.79425E-04 2.09013E-01 1.16728E+02 
4.75411E+02 3.73033E-04 2.05979E-01 1.15288E+02 
4.77007E+02 3.66719E-04 2.02972E-01 1.13856E+02 
4.78602E+02 3.60485E-04 1.99993E-01 1.12433E+02 
4.80197E+02 3.54329E-04 1.97042E-01 1.11018E+02 
4.81793E+02 3.48251E-04 1.94119E-01 1.09612E+02 
4.83388E+02 3.42250E-04 1.91223E-01 1.08214E+02 
4.84983E+02 3.36327E-04 1.88355E-01 1.06826E+02 
4.86579E+02 3.30481E-04 1.85515E-01 1.05446E+02 
4.88174E+02 3.24710E-04 1.82702E-01 1.04075E+02 
4.89769E+02 3.19015E-04 1.79918E-01 1.02714E+02 
4.91365E+02 3.13396E-04 1.77161E-01 1.01361E+02 
4.92960E+02 3.07851E-04 1.74432E-01 1.00018E+02 
4.94555E+02 3.02380E-04 1.71731E-01 9.86846E+01 
4.96151E+02 2.96983E-04 1.69058E-01 9.73603E+01 
4.97746E+02 2.91660E-04 1.66412E-01 9.60456E+01 
4.99341E+02 2.86409E-04 1.63794E-01 9.47405E+01 
5.00937E+02 2.81230E-04 1.61204E-01 9.34450E+01 
5.02532E+02 2.76122E-04 1.58642E-01 9.21593E+01 
5.04127E+02 2.71086E-04 1.56107E-01 9.08835E+01 
5.05723E+02 2.66121E-04 1.53599E-01 8.96175E+01 
5.07318E+02 2.61225E-04 1.51120E-01 8.83614E+01 
5.08913E+02 2.56399E-04 1.48667E-01 8.71154E+01 
5.10509E+02 2.51641E-04 1.46242E-01 8.58794E+01 
5.12104E+02 2.46952E-04 1.43845E-01 8.46535E+01 
5.13699E+02 2.42331E-04 1.41475E-01 8.34378E+01 
5.15295E+02 2.37777E-04 1.39132E-01 8.22323E+01 
5.16890E+02 2.33289E-04 1.36816E-01 8.10370E+01 
5.18485E+02 2.28868E-04 1.34527E-01 7.98521E+01 
5.20081E+02 2.24512E-04 1.32265E-01 7.86775E+01 
5.21676E+02 2.20220E-04 1.30029E-01 7.75132E+01 
5.23271E+02 2.15994E-04 1.27821E-01 7.63594E+01 
5.24867E+02 2.11830E-04 1.25639E-01 7.52160E+01 
5.26462E+02 2.07730E-04 1.23484E-01 7.40830E+01 
5.28057E+02 2.03693E-04 1.21355E-01 7.29606E+01 
5.29653E+02 1.99717E-04 1.19253E-01 7.18487E+01 
5.31248E+02 1.95803E-04 1.17176E-01 7.07473E+01 
5.32843E+02 1.91949E-04 1.15126E-01 6.96564E+01 
5.34439E+02 1.88156E-04 1.13102E-01 6.85761E+01 
5.36034E+02 1.84422E-04 1.11103E-01 6.75064E+01 
5.37629E+02 1.80747E-04 1.09130E-01 6.64473E+01 
5.39225E+02 1.77130E-04 1.07183E-01 6.53988E+01 
5.40820E+02 1.73571E-04 1.05261E-01 6.43609E+01 
5.42415E+02 1.70069E-04 1.03364E-01 6.33336E+01 
5.44011E+02 1.66623E-04 1.01492E-01 6.23169E+01 
5.45606E+02 1.63234E-04 9.96458E-02 6.13109E+01 
5.47201E+02 1.59899E-04 9.78239E-02 6.03154E+01 
5.48797E+02 1.56620E-04 9.60266E-02 5.93305E+01 
5.50392E+02 1.53394E-04 9.42539E-02 5.83562E+01 
5.51987E+02 1.50222E-04 9.25054E-02 5.73925E+01 
5.53583E+02 1.47103E-04 9.07812E-02 5.64393E+01 
5.55178E+02 1.44036E-04 8.90809E-02 5.54967E+01 
5.56773E+02 1.41020E-04 8.74044E-02 5.45646E+01 
5.58369E+02 1.38056E-04 8.57516E-02 5.36431E+01 
5.59964E+02 1.35142E-04 8.41223E-02 5.27320E+01 
5.61560E+02 1.32278E-04 8.25162E-02 5.18314E+01 
5.63155E+02 1.29463E-04 8.09333E-02 5.09412E+01 
5.64750E+02 1.26697E-04 7.93733E-02 5.00615E+01 
5.66346E+02 1.23979E-04 7.78361E-02 4.91921E+01 
5.67941E+02 1.21308E-04 7.63214E-02 4.83331E+01 
5.69536E+02 1.18684E-04 7.48292E-02 4.74844E+01 
5.71132E+02 1.16107E-04 7.33591E-02 4.66460E+01 
5.72727E+02 1.13575E-04 7.19111E-02 4.58178E+01 
5.74322E+02 1.11088E-04 7.04849E-02 4.49998E+01 
5.75918E+02 1.08646E-04 6.90803E-02 4.41920E+01 
5.77513E+02 1.06248E-04 6.76971E-02 4.33944E+01 
5.79108E+02 1.03893E-04 6.63352E-02 4.26068E+01 
5.80704E+02 1.01580E-04 6.49944E-02 4.18292E+01 
5.82299E+02 9.93104E-05 6.36744E-02 4.10616E+01 
5.83894E+02 9.70820E-05 6.23750E-02 4.03040E+01 
5.85490E+02 9.48946E-05 6.10960E-02 3.95562E+01 
5.87085E+02 9.27478E-05 5.98374E-02 3.88182E+01 
5.88680E+02 9.06409E-05 5.85988E-02 3.80901E+01 
5.90276E+02 8.85734E-05 5.73801E-02 3.73717E+01 
5.91871E+02 8.65448E-05 5.61810E-02 3.66629E+01 
5.93466E+02 8.45544E-05 5.50014E-02 3.59638E+01 
5.95062E+02 8.26018E-05 5.38410E-02 3.52743E+01 
5.96657E+02 8.06863E-05 5.26997E-02 3.45942E+01 
5.98252E+02 7.88075E-05 5.15772E-02 3.39235E+01 
5.99848E+02 7.69648E-05 5.04733E-02 3.32623E+01 
6.01443E+02 7.51577E-05 4.93879E-02 3.26103E+01 
6.03038E+02 7.33857E-05 4.83207E-02 3.19676E+01 
6.04634E+02 7.16481E-05 4.72715E-02 3.13341E+01 
6.06229E+02 6.99446E-05 4.62402E-02 3.07097E+01 
6.07824E+02 6.82746E-05 4.52264E-02 3.00943E+01 
6.09420E+02 6.66376E-05 4.42301E-02 2.94879E+01 
6.11015E+02 6.50330E-05 4.32510E-02 2.88904E+01 
6.12610E+02 6.34604E-05 4.22888E-02 2.83018E+01 
6.14206E+02 6.19193E-05 4.13435E-02 2.77219E+01 
6.15801E+02 6.04092E-05 4.04148E-02 2.71508E+01 
6.17396E+02 5.89296E-05 3.95024E-02 2.65882E+01 
6.18992E+02 5.74799E-05 3.86063E-02 2.60342E+01 
6.20587E+02 5.60598E-05 3.77261E-02 2.54887E+01 
6.22182E+02 5.46688E-05 3.68618E-02 2.49516E+01 
6.23778E+02 5.33062E-05 3.60129E-02 2.44228E+01 
6.25373E+02 5.19719E-05 3.51795E-02 2.39023E+01 
6.26968E+02 5.06652E-05 3.43613E-02 2.33899E+01 
6.28564E+02 4.93856E-05 3.35581E-02 2.28857E+01 
6.30159E+02 4.81328E-05 3.27696E-02 2.23895E+01 
6.31754E+02 4.69063E-05 3.19957E-02 2.19012E+01 
6.33350E+02 4.57057E-05 3.12362E-02 2.14208E+01 
6.34945E+02 4.45304E-05 3.04910E-02 2.09482E+01 
6.36540E+02 4.33801E-05 2.97597E-02 2.04833E+01 
6.38136E+02 4.22544E-05 2.90422E-02 2.00260E+01 
6.39731E+02 4.11527E-05 2.83383E-02 1.95763E+01 
6.41326E+02 4.00748E-05 2.76479E-02 1.91340E+01 
6.42922E+02 3.90202E-05 2.69707E-02 1.86992E+01 
6.44517E+02 3.79884E-05 2.63065E-02 1.82716E+01 
6.46112E+02 3.69791E-05 2.56552E-02 1.78513E+01 
6.47708E+02 3.59918E-05 2.50165E-02 1.74382E+01 
6.49303E+02 3.50262E-05 2.43904E-02 1.70321E+01 
6.50898E+02 3.40820E-05 2.37765E-02 1.66330E+01 
6.52494E+02 3.31586E-05 2.31747E-02 1.62408E+01 
6.54089E+02 3.22557E-05 2.25849E-02 1.58555E+01 
6.55685E+02 3.13729E-05 2.20068E-02 1.54769E+01 
6.57280E+02 3.05099E-05 2.14402E-02 1.51050E+01 
6.58875E+02 2.96663E-05 2.08851E-02 1.47397E+01 
6.60471E+02 2.88418E-05 2.03411E-02 1.43809E+01 
6.62066E+02 2.80359E-05 1.98082E-02 1.40285E+01 
6.63661E+02 2.72483E-05 1.92862E-02 1.36824E+01 
6.65257E+02 2.64788E-05 1.87749E-02 1.33427E+01 
6.66852E+02 2.57268E-05 1.82740E-02 1.30091E+01 
6.68447E+02 2.49922E-05 1.77836E-02 1.26816E+01 
6.70043E+02 2.42745E-05 1.73033E-02 1.23602E+01 
6.71638E+02 2.35735E-05 1.68330E-02 1.20447E+01 
6.73233E+02 2.28888E-05 1.63726E-02 1.17351E+01 
6.74829E+02 2.22201E-05 1.59218E-02 1.14313E+01 
6.76424E+02 2.15670E-05 1.54806E-02 1.11332E+01 
6.78019E+02 2.09293E-05 1.50488E-02 1.08407E+01 
6.79615E+02 2.03067E-05 1.46261E-02 1.05538E+01 
6.81210E+02 1.96989E-05 1.42125E-02 1.02724E+01 
6.82805E+02 1.91055E-05 1.38078E-02 9.99642E+00 
6.84401E+02 1.85262E-05 1.34119E-02 9.72574E+00 
6.85996E+02 1.79609E-05 1.30245E-02 9.46032E+00 
6.87591E+02 1.74091E-05 1.26456E-02 9.20007E+00 
6.89187E+02 1.68707E-05 1.22749E-02 8.94493E+00 
6.90782E+02 1.63454E-05 1.19124E-02 8.69481E+00 
6.92377E+02 1.58328E-05 1.15579E-02 8.44965E+00 
6.93973E+02 1.53327E-05 1.12113E-02 8.20937E+00 
6.95568E+02 1.48449E-05 1.08724E-02 7.97389E+00 
6.97163E+02 1.43690E-05 1.05410E-02 7.74315E+00 
6.98759E+02 1.39049E-05 1.02171E-02 7.51707E+00 
7.00354E+02 1.34523E-05 9.90044E-03 7.29556E+00 
7.01949E+02 1.30109E-05 9.59098E-03 7.07859E+00 
7.03545E+02 1.25806E-05 9.28855E-03 6.86605E+00 
7.05140E+02 1.21610E-05 8.99302E-03 6.65790E+00 
7.06735E+02 1.17519E-05 8.70426E-03 6.45405E+00 
7.08331E+02 1.13532E-05 8.42213E-03 6.25444E+00 
7.09926E+02 1.09645E-05 8.14652E-03 6.05900E+00 
7.11521E+02 1.05857E-05 7.87730E-03 5.86766E+00 
7.13117E+02 1.02166E-05 7.61435E-03 5.68035E+00 
7.14712E+02 9.85684E-06 7.35753E-03 5.49701E+00 
7.16307E+02 9.50634E-06 7.10674E-03 5.31757E+00 
7.17903E+02 9.16485E-06 6.86186E-03 5.14196E+00 
7.19498E+02 8.83217E-06 6.62277E-03 4.97013E+00 
7.21093E+02 8.50812E-06 6.38935E-03 4.80200E+00 
7.22689E+02 8.19248E-06 6.16150E-03 4.63751E+00 
7.24284E+02 7.88507E-06 5.93909E-03 4.47660E+00 
7.25879E+02 7.58570E-06 5.72203E-03 4.31922E+00 
7.27475E+02 7.29419E-06 5.51020E-03 4.16528E+00 
7.29070E+02 7.01036E-06 5.30349E-03 4.01475E+00 
7.30665E+02 6.73403E-06 5.10181E-03 3.86754E+00 
7.32261E+02 6.46502E-06 4.90504E-03 3.72362E+00 
7.33856E+02 6.20317E-06 4.71309E-03 3.58291E+00 
7.35451E+02 5.94831E-06 4.52585E-03 3.44535E+00 
7.37047E+02 5.70026E-06 4.34323E-03 3.31090E+00 
7.38642E+02 5.45888E-06 4.16513E-03 3.17949E+00 
7.40238E+02 5.22401E-06 3.99146E-03 3.05107E+00 
7.41833E+02 4.99549E-06 3.82211E-03 2.92558E+00 
7.43428E+02 4.77316E-06 3.65701E-03 2.80297E+00 
7.45024E+02 4.55689E-06 3.49605E-03 2.68318E+00 
7.46619E+02 4.34651E-06 3.33915E-03 2.56616E+00 
7.48214E+02 4.14190E-06 3.18622E-03 2.45186E+00 
7.49810E+02 3.94291E-06 3.03718E-03 2.34022E+00 
7.51405E+02 3.74941E-06 2.89193E-03 2.23120E+00 
7.53000E+02 3.56125E-06 2.75040E-03 2.12474E+00 
7.54596E+02 3.37831E-06 2.61251E-03 2.02080E+00 
7.56191E+02 3.20047E-06 2.47816E-03 1.91932E+00 
7.57786E+02 3.02758E-06 2.34729E-03 1.82025E+00 
7.59382E+02 2.85954E-06 2.21982E-03 1.72355E+00 
7.60977E+02 2.69621E-06 2.09566E-03 1.62917E+00 
7.62572E+02 2.53749E-06 1.97475E-03 1.53706E+00 
7.64168E+02 2.38325E-06 1.85701E-03 1.44718E+00 
7.65763E+02 2.23339E-06 1.74237E-03 1.35949E+00 
7.67358E+02 2.08778E-06 1.63075E-03 1.27393E+00 
7.68954E+02 1.94633E-06 1.52210E-03 1.19046E+00 
7.70549E+02 1.80892E-06 1.41633E-03 1.10905E+00 
7.72144E+02 1.67546E-06 1.31338E-03 1.02964E+00 
7.73740E+02 1.54584E-06 1.21319E-03 9.52201E-01 
7.75335E+02 1.41996E-06 1.11569E-03 8.76683E-01 
7.76930E+02 1.29772E-06 1.02082E-03 8.03052E-01 
7.78526E+02 1.17904E-06 9.28519E-04 7.31266E-01 
7.80121E+02 1.06381E-06 8.38721E-04 6.61284E-01 
7.81716E+02 9.51951E-07 7.51368E-04 5.93069E-01 
7.83312E+02 8.43370E-07 6.66402E-04 5.26582E-01 
7.84907E+02 7.37980E-07 5.83765E-04 4.61786E-01 
7.86502E+02 6.35697E-07 5.03401E-04 3.98644E-01 
7.88098E+02 5.36438E-07 4.25255E-04 3.37120E-01 
7.89693E+02 4.40122E-07 3.49272E-04 2.77178E-01 
7.91288E+02 3.46672E-07 2.75401E-04 2.18784E-01 
7.92884E+02 2.56008E-07 2.03588E-04 1.61902E-01 
7.94479E+02 1.68057E-07 1.33783E-04 1.06500E-01 
7.96074E+02 8.27454E-08 6.59371E-05 5.25432E-02 
