100 2 
0.00000E+00 3.50427E-03 1.00000E+00 3.51434E+02 
7.90480E+00 3.50245E-03 9.99990E-01 3.51434E+02 
1.58096E+01 3.49700E-03 9.99923E-01 3.51433E+02 
2.37144E+01 3.48794E-03 9.99742E-01 3.51430E+02 
3.16192E+01 3.47527E-03 9.99389E-01 3.51420E+02 
3.95240E+01 3.45902E-03 9.98809E-01 3.51399E+02 
4.74288E+01 3.43923E-03 9.97946E-01 3.51361E+02 
5.53336E+01 3.41593E-03 9.96746E-01 3.51299E+02 
6.32384E+01 3.38917E-03 9.95158E-01 3.51205E+02 
7.11432E+01 3.35900E-03 9.93128E-01 3.51068E+02 
7.90480E+01 3.32548E-03 9.90609E-01 3.50879E+02 
8.69528E+01 3.28868E-03 9.87552E-01 3.50625E+02 
9.48576E+01 3.24868E-03 9.83914E-01 3.50294E+02 
1.02762E+02 3.20556E-03 9.79652E-01 3.49872E+02 
1.10667E+02 3.15943E-03 9.74726E-01 3.49346E+02 
1.18572E+02 3.11037E-03 9.69101E-01 3.48701E+02 
1.26477E+02 3.05849E-03 9.62744E-01 3.47921E+02 
1.34382E+02 3.00393E-03 9.55625E-01 3.46992E+02 
1.42286E+02 2.94679E-03 9.47720E-01 3.45898E+02 
1.50191E+02 2.88723E-03 9.39007E-01 3.44624E+02 
1.58096E+02 2.82537E-03 9.29471E-01 3.43153E+02 
1.66001E+02 2.76137E-03 9.19098E-01 3.41471E+02 
1.73906E+02 2.69538E-03 9.07882E-01 3.39565E+02 
1.81810E+02 2.62756E-03 8.95819E-01 3.37419E+02 
1.89715E+02 2.55810E-03 8.82914E-01 3.35021E+02 
1.97620E+02 2.48715E-03 8.69172E-01 3.32359E+02 
2.05525E+02 2.41489E-03 8.54607E-01 3.29422E+02 
2.13430E+02 2.34152E-03 8.39236E-01 3.26202E+02 
2.21334E+02 2.26721E-03 8.23082E-01 3.22690E+02 
2.29239E+02 2.19215E-03 8.06172E-01 3.18880E+02 
2.37144E+02 2.11654E-03 7.88539E-01 3.14768E+02 
2.45049E+02 2.04055E-03 7.70220E-01 3.10350E+02 
2.52954E+02 1.96439E-03 7.51255E-01 3.05628E+02 
2.60858E+02 1.88824E-03 7.31690E-01 3.00601E+02 
2.68763E+02 1.81227E-03 7.11575E-01 2.95274E+02 
2.76668E+02 1.73668E-03 6.90961E-01 2.89652E+02 
2.84573E+02 1.66164E-03 6.69903E-01 2.83742E+02 
2.92478E+02 1.58732E-03 6.48461E-01 2.77555E+02 
3.00383E+02 1.51389E-03 6.26694E-01 2.71103E+02 
3.08287E+02 1.44155E-03 6.04679E-01 2.64403E+02 
3.16192E+02 1.37046E-03 5.82481E-01 2.57472E+02 
3.24097E+02 1.30074E-03 5.60161E-01 2.50326E+02 
3.32002E+02 1.23252E-03 5.37784E-01 2.42985E+02 
3.39907E+02 1.16592E-03 5.15411E-01 2.35469E+02 
3.47811E+02 1.10105E-03 4.93105E-01 2.27799E+02 
3.55716E+02 1.03800E-03 4.70927E-01 2.19998E+02 
3.63621E+02 9.76848E-04 4.48935E-01 2.12088E+02 
3.71526E+02 9.17680E-04 4.27188E-01 2.04094E+02 
3.79431E+02 8.60556E-04 4.05740E-01 1.96042E+02 
3.87335E+02 8.05527E-04 3.84645E-01 1.87954E+02 
3.95240E+02 7.52635E-04 3.63950E-01 1.79857E+02 
4.03145E+02 7.01911E-04 3.43703E-01 1.71775E+02 
4.11050E+02 6.53375E-04 3.23945E-01 1.63732E+02 
4.18955E+02 6.07035E-04 3.04716E-01 1.55752E+02 
4.26859E+02 5.62893E-04 2.86049E-01 1.47858E+02 
4.34764E+02 5.20938E-04 2.67976E-01 1.40072E+02 
4.42669E+02 4.81151E-04 2.50522E-01 1.32415E+02 
4.50574E+02 4.43507E-04 2.33711E-01 1.24907E+02 
4.58479E+02 4.07969E-04 2.17559E-01 1.17567E+02 
4.66383E+02 3.74497E-04 2.02082E-01 1.10410E+02 
4.74288E+02 3.43042E-04 1.87289E-01 1.03453E+02 
4.82193E+02 3.13550E-04 1.73186E-01 9.67084E+01 
4.90098E+02 2.85961E-04 1.59775E-01 9.01893E+01 
4.98003E+02 2.60213E-04 1.47056E-01 8.39056E+01 
5.05907E+02 2.36239E-04 1.35023E-01 7.78661E+01 
5.13812E+02 2.13968E-04 1.23669E-01 7.20775E+01 
5.21717E+02 1.93327E-04 1.12983E-01 6.65453E+01 
5.29622E+02 1.74244E-04 1.02952E-01 6.12729E+01 
5.37527E+02 1.56641E-04 9.35609E-02 5.62624E+01 
5.45431E+02 1.40445E-04 8.47916E-02 5.15144E+01 
5.53336E+02 1.25578E-04 7.66247E-02 4.70280E+01 
5.61241E+02 1.11964E-04 6.90391E-02 4.28010E+01 
5.69146E+02 9.95311E-05 6.20127E-02 3.88301E+01 
5.77051E+02 8.82042E-05 5.55219E-02 3.51106E+01 
5.84955E+02 7.79120E-05 4.95428E-02 3.16370E+01 
5.92860E+02 6.85848E-05 4.40505E-02 2.84029E+01 
6.00765E+02 6.01553E-05 3.90203E-02 2.54011E+01 
6.08670E+02 5.25584E-05 3.44268E-02 2.26236E+01 
6.16575E+02 4.57317E-05 3.02451E-02 2.00621E+01 
6.24479E+02 3.96157E-05 2.64504E-02 1.77076E+01 
6.32384E+02 3.41535E-05 2.30182E-02 1.55509E+01 
6.40289E+02 2.92914E-05 1.99247E-02 1.35826E+01 
6.48194E+02 2.49786E-05 1.71465E-02 1.17930E+01 
6.56099E+02 2.11671E-05 1.46612E-02 1.01724E+01 
6.64003E+02 1.78123E-05 1.24471E-02 8.71116E+00 
6.71908E+02 1.48721E-05 1.04834E-02 7.39967E+00 
6.79813E+02 1.23075E-05 8.75041E-03 6.22852E+00 
6.87718E+02 1.00824E-05 7.22916E-03 5.18848E+00 
6.95623E+02 8.16320E-06 5.90189E-03 4.27057E+00 
7.03527E+02 6.51902E-06 4.75184E-03 3.46613E+00 
7.11432E+02 5.12148E-06 3.76326E-03 2.76683E+00 
7.19337E+02 3.94456E-06 2.92144E-03 2.16470E+00 
7.27242E+02 2.96449E-06 2.21269E-03 1.65215E+00 
7.35147E+02 2.15963E-06 1.62429E-03 1.22200E+00 
7.43051E+02 1.51035E-06 1.14450E-03 8.67453E-01 
7.50956E+02 9.98844E-07 7.62493E-04 5.82150E-01 
7.58861E+02 6.09077E-07 4.68330E-04 3.60139E-01 
7.66766E+02 3.26600E-07 2.52919E-04 1.95870E-01 
7.74671E+02 1.38451E-07 1.07967E-04 8.41968E-02 
7.82576E+02 3.30333E-08 2.59371E-05 2.03654E-02 
