100 2 
0.00000E+00 3.49302E-03 1.00000E+00 3.52393E+02 
7.91953E+00 3.49122E-03 9.99991E-01 3.52393E+02 
1.58391E+01 3.48582E-03 9.99924E-01 3.52392E+02 
2.37586E+01 3.47684E-03 9.99744E-01 3.52388E+02 
3.16781E+01 3.46428E-03 9.99393E-01 3.52378E+02 
3.95977E+01 3.44818E-03 9.98817E-01 3.52358E+02 
4.75172E+01 3.42856E-03 9.97961E-01 3.52320E+02 
5.54367E+01 3.40547E-03 9.96769E-01 3.52259E+02 
6.33562E+01 3.37894E-03 9.95191E-01 3.52164E+02 
7.12758E+01 3.34902E-03 9.93175E-01 3.52028E+02 
7.91953E+01 3.31578E-03 9.90672E-01 3.51840E+02 
8.71148E+01 3.27929E-03 9.87635E-01 3.51587E+02 
9.50344E+01 3.23961E-03 9.84020E-01 3.51257E+02 
1.02954E+02 3.19684E-03 9.79783E-01 3.50837E+02 
1.10873E+02 3.15105E-03 9.74887E-01 3.50313E+02 
1.18793E+02 3.10236E-03 9.69293E-01 3.49671E+02 
1.26712E+02 3.05087E-03 9.62971E-01 3.48894E+02 
1.34632E+02 2.99669E-03 9.55889E-01 3.47968E+02 
1.42552E+02 2.93995E-03 9.48024E-01 3.46878E+02 
1.50471E+02 2.88078E-03 9.39353E-01 3.45607E+02 
1.58391E+02 2.81932E-03 9.29860E-01 3.44140E+02 
1.66310E+02 2.75572E-03 9.19533E-01 3.42463E+02 
1.74230E+02 2.69012E-03 9.08363E-01 3.40560E+02 
1.82149E+02 2.62270E-03 8.96347E-01 3.38419E+02 
1.90069E+02 2.55361E-03 8.83488E-01 3.36025E+02 
1.97988E+02 2.48303E-03 8.69793E-01 3.33367E+02 
2.05908E+02 2.41114E-03 8.55274E-01 3.30435E+02 
2.13827E+02 2.33811E-03 8.39948E-01 3.27218E+02 
2.21747E+02 2.26414E-03 8.23837E-01 3.23708E+02 
2.29666E+02 2.18941E-03 8.06968E-01 3.19901E+02 
2.37586E+02 2.11410E-03 7.89374E-01 3.15790E+02 
2.45505E+02 2.03840E-03 7.71090E-01 3.11373E+02 
2.53425E+02 1.96251E-03 7.52158E-01 3.06650E+02 
2.61345E+02 1.88661E-03 7.32622E-01 3.01621E+02 
2.69264E+02 1.81089E-03 7.12532E-01 2.96291E+02 
2.77184E+02 1.73551E-03 6.91939E-01 2.90664E+02 
2.85103E+02 1.66067E-03 6.70899E-01 2.84748E+02 
2.93023E+02 1.58654E-03 6.49469E-01 2.78553E+02 
3.00942E+02 1.51328E-03 6.27714E-01 2.72092E+02 
3.08862E+02 1.44110E-03 6.05707E-01 2.65382E+02 
3.16781E+02 1.37015E-03 5.83513E-01 2.58439E+02 
3.24701E+02 1.30056E-03 5.61193E-01 2.51280E+02 
3.32620E+02 1.23245E-03 5.38810E-01 2.43924E+02 
3.40540E+02 1.16595E-03 5.16427E-01 2.36390E+02 
3.48459E+02 1.10115E-03 4.94107E-01 2.28701E+02 
3.56379E+02 1.03817E-03 4.71910E-01 2.20879E+02 
3.64298E+02 9.77073E-04 4.49897E-01 2.12947E+02 
3.72218E+02 9.17948E-04 4.28125E-01 2.04929E+02 
3.80137E+02 8.60856E-04 4.06649E-01 1.96851E+02 
3.88057E+02 8.05850E-04 3.85523E-01 1.88736E+02 
3.95977E+02 7.52972E-04 3.64796E-01 1.80611E+02 
4.03896E+02 7.02255E-04 3.44514E-01 1.72500E+02 
4.11816E+02 6.53720E-04 3.24720E-01 1.64427E+02 
4.19735E+02 6.07376E-04 3.05452E-01 1.56417E+02 
4.27655E+02 5.63225E-04 2.86747E-01 1.48492E+02 
4.35574E+02 5.21257E-04 2.68635E-01 1.40674E+02 
4.43494E+02 4.81455E-04 2.51142E-01 1.32986E+02 
4.51413E+02 4.43793E-04 2.34291E-01 1.25447E+02 
4.59333E+02 4.08236E-04 2.18101E-01 1.18075E+02 
4.67252E+02 3.74743E-04 2.02585E-01 1.10887E+02 
4.75172E+02 3.43266E-04 1.87754E-01 1.03899E+02 
4.83091E+02 3.13753E-04 1.73615E-01 9.71244E+01 
4.91011E+02 2.86143E-04 1.60169E-01 9.05760E+01 
4.98930E+02 2.60375E-04 1.47415E-01 8.42638E+01 
5.06850E+02 2.36380E-04 1.35350E-01 7.81967E+01 
5.14769E+02 2.14090E-04 1.23965E-01 7.23816E+01 
5.22689E+02 1.93432E-04 1.13250E-01 6.68239E+01 
5.30609E+02 1.74332E-04 1.03192E-01 6.15272E+01 
5.38528E+02 1.56714E-04 9.37751E-02 5.64937E+01 
5.46448E+02 1.40504E-04 8.49819E-02 5.17239E+01 
5.54367E+02 1.25624E-04 7.67929E-02 4.72170E+01 
5.62287E+02 1.12000E-04 6.91870E-02 4.29708E+01 
5.70206E+02 9.95569E-05 6.21419E-02 3.89819E+01 
5.78126E+02 8.82215E-05 5.56343E-02 3.52458E+01 
5.86045E+02 7.79221E-05 4.96398E-02 3.17568E+01 
5.93965E+02 6.85890E-05 4.41338E-02 2.85086E+01 
6.01884E+02 6.01545E-05 3.90912E-02 2.54938E+01 
6.09804E+02 5.25537E-05 3.44868E-02 2.27045E+01 
6.17723E+02 4.57240E-05 3.02955E-02 2.01323E+01 
6.25643E+02 3.96057E-05 2.64923E-02 1.77682E+01 
6.33562E+02 3.41420E-05 2.30527E-02 1.56029E+01 
6.41482E+02 2.92789E-05 1.99528E-02 1.36268E+01 
6.49401E+02 2.49657E-05 1.71692E-02 1.18303E+01 
6.57321E+02 2.11542E-05 1.46793E-02 1.02037E+01 
6.65241E+02 1.77997E-05 1.24613E-02 8.73718E+00 
6.73160E+02 1.48602E-05 1.04944E-02 7.42110E+00 
6.81080E+02 1.22965E-05 8.75872E-03 6.24597E+00 
6.88999E+02 1.00724E-05 7.23533E-03 5.20252E+00 
6.96919E+02 8.15427E-06 5.90636E-03 4.28172E+00 
7.04838E+02 6.51124E-06 4.75497E-03 3.47485E+00 
7.12758E+02 5.11486E-06 3.76537E-03 2.77352E+00 
7.20677E+02 3.93907E-06 2.92279E-03 2.16973E+00 
7.28597E+02 2.96007E-06 2.21350E-03 1.65583E+00 
7.36516E+02 2.15620E-06 1.62473E-03 1.22460E+00 
7.44436E+02 1.50780E-06 1.14470E-03 8.69215E-01 
7.52355E+02 9.97067E-07 7.62553E-04 5.83280E-01 
7.60275E+02 6.07935E-07 4.68322E-04 3.60804E-01 
7.68194E+02 3.25958E-07 2.52892E-04 1.96213E-01 
7.76114E+02 1.38166E-07 1.07945E-04 8.43365E-02 
7.84034E+02 3.29627E-08 2.59299E-05 2.03977E-02 
