100 2 
0.00000E+00 3.40071E-03 1.00000E+00 3.60433E+02 
8.04092E+00 3.39905E-03 9.99991E-01 3.60433E+02 
1.60818E+01 3.39406E-03 9.99929E-01 3.60432E+02 
2.41228E+01 3.38575E-03 9.99759E-01 3.60428E+02 
3.21637E+01 3.37413E-03 9.99430E-01 3.60419E+02 
4.02046E+01 3.35922E-03 9.98889E-01 3.60399E+02 
4.82455E+01 3.34104E-03 9.98083E-01 3.60363E+02 
5.62865E+01 3.31963E-03 9.96961E-01 3.60305E+02 
6.43274E+01 3.29500E-03 9.95473E-01 3.60215E+02 
7.23683E+01 3.26720E-03 9.93571E-01 3.60084E+02 
8.04092E+01 3.23627E-03 9.91207E-01 3.59903E+02 
8.84502E+01 3.20227E-03 9.88334E-01 3.59660E+02 
9.64911E+01 3.16525E-03 9.84909E-01 3.59343E+02 
1.04532E+02 3.12528E-03 9.80889E-01 3.58939E+02 
1.12573E+02 3.08243E-03 9.76236E-01 3.58433E+02 
1.20614E+02 3.03678E-03 9.70912E-01 3.57812E+02 
1.28655E+02 2.98842E-03 9.64882E-01 3.57060E+02 
1.36696E+02 2.93744E-03 9.58117E-01 3.56162E+02 
1.44737E+02 2.88395E-03 9.50588E-01 3.55102E+02 
1.52778E+02 2.82806E-03 9.42272E-01 3.53865E+02 
1.60818E+02 2.76989E-03 9.33150E-01 3.52434E+02 
1.68859E+02 2.70956E-03 9.23205E-01 3.50794E+02 
1.76900E+02 2.64723E-03 9.12427E-01 3.48930E+02 
1.84941E+02 2.58302E-03 9.00809E-01 3.46827E+02 
1.92982E+02 2.51709E-03 8.88350E-01 3.44473E+02 
2.01023E+02 2.44959E-03 8.75052E-01 3.41852E+02 
2.09064E+02 2.38070E-03 8.60925E-01 3.38955E+02 
2.17105E+02 2.31057E-03 8.45981E-01 3.35770E+02 
2.25146E+02 2.23938E-03 8.30239E-01 3.32289E+02 
2.33187E+02 2.16731E-03 8.13722E-01 3.28503E+02 
2.41228E+02 2.09454E-03 7.96459E-01 3.24408E+02 
2.49269E+02 2.02124E-03 7.78483E-01 3.19999E+02 
2.57310E+02 1.94761E-03 7.59833E-01 3.15274E+02 
2.65350E+02 1.87382E-03 7.40549E-01 3.10234E+02 
2.73391E+02 1.80006E-03 7.20680E-01 3.04882E+02 
2.81432E+02 1.72650E-03 7.00274E-01 2.99221E+02 
2.89473E+02 1.65334E-03 6.79391E-01 2.93259E+02 
2.97514E+02 1.58079E-03 6.58097E-01 2.87009E+02 
3.05555E+02 1.50900E-03 6.36453E-01 2.80483E+02 
3.13596E+02 1.43815E-03 6.14518E-01 2.73692E+02 
3.21637E+02 1.36837E-03 5.92355E-01 2.66652E+02 
3.29678E+02 1.29980E-03 5.70026E-01 2.59381E+02 
3.37719E+02 1.23258E-03 5.47597E-01 2.51896E+02 
3.45760E+02 1.16684E-03 5.25130E-01 2.44219E+02 
3.53801E+02 1.10268E-03 5.02691E-01 2.36370E+02 
3.61842E+02 1.04022E-03 4.80343E-01 2.28373E+02 
3.69883E+02 9.79549E-04 4.58147E-01 2.20252E+02 
3.77923E+02 9.20751E-04 4.36163E-01 2.12033E+02 
3.85964E+02 8.63901E-04 4.14451E-01 2.03740E+02 
3.94005E+02 8.09061E-04 3.93065E-01 1.95401E+02 
4.02046E+02 7.56280E-04 3.72059E-01 1.87040E+02 
4.10087E+02 7.05600E-04 3.51481E-01 1.78684E+02 
4.18128E+02 6.57050E-04 3.31377E-01 1.70359E+02 
4.26169E+02 6.10646E-04 3.11790E-01 1.62091E+02 
4.34210E+02 5.66398E-04 2.92756E-01 1.53903E+02 
4.42251E+02 5.24303E-04 2.74310E-01 1.45820E+02 
4.50292E+02 4.84350E-04 2.56481E-01 1.37864E+02 
4.58333E+02 4.46517E-04 2.39295E-01 1.30056E+02 
4.66374E+02 4.10777E-04 2.22772E-01 1.22417E+02 
4.74415E+02 3.77092E-04 2.06928E-01 1.14965E+02 
4.82455E+02 3.45418E-04 1.91775E-01 1.07716E+02 
4.90496E+02 3.15707E-04 1.77323E-01 1.00685E+02 
4.98537E+02 2.87902E-04 1.63574E-01 9.38869E+01 
5.06578E+02 2.61943E-04 1.50529E-01 8.73317E+01 
5.14619E+02 2.37765E-04 1.38185E-01 8.10293E+01 
5.22660E+02 2.15301E-04 1.26536E-01 7.49876E+01 
5.30701E+02 1.94478E-04 1.15570E-01 6.92127E+01 
5.38742E+02 1.75225E-04 1.05276E-01 6.37086E+01 
5.46783E+02 1.57466E-04 9.56379E-02 5.84781E+01 
5.54824E+02 1.41127E-04 8.66391E-02 5.35219E+01 
5.62865E+02 1.26131E-04 7.82596E-02 4.88395E+01 
5.70906E+02 1.12403E-04 7.04783E-02 4.44288E+01 
5.78947E+02 9.98681E-05 6.32724E-02 4.02863E+01 
5.86987E+02 8.84527E-05 5.66183E-02 3.64076E+01 
5.95028E+02 7.80843E-05 5.04912E-02 3.27867E+01 
6.03069E+02 6.86926E-05 4.48658E-02 2.94171E+01 
6.11110E+02 6.02093E-05 3.97162E-02 2.62912E+01 
6.19151E+02 5.25686E-05 3.50167E-02 2.34007E+01 
6.27192E+02 4.57070E-05 3.07413E-02 2.07366E+01 
6.35233E+02 3.95640E-05 2.68642E-02 1.82897E+01 
6.43274E+02 3.40821E-05 2.33603E-02 1.60500E+01 
6.51315E+02 2.92064E-05 2.02047E-02 1.40076E+01 
6.59356E+02 2.48853E-05 1.73733E-02 1.21523E+01 
6.67397E+02 2.10701E-05 1.48427E-02 1.04737E+01 
6.75438E+02 1.77152E-05 1.25904E-02 8.96171E+00 
6.83479E+02 1.47779E-05 1.05950E-02 7.60604E+00 
6.91519E+02 1.22186E-05 8.83569E-03 6.39670E+00 
6.99560E+02 1.00005E-05 7.29312E-03 5.32392E+00 
7.07601E+02 8.08951E-06 5.94876E-03 4.37819E+00 
7.15642E+02 6.45426E-06 4.78526E-03 3.55033E+00 
7.23683E+02 5.06595E-06 3.78630E-03 2.83152E+00 
7.31724E+02 3.89821E-06 2.93667E-03 2.21334E+00 
7.39765E+02 2.92698E-06 2.22222E-03 1.68777E+00 
7.47806E+02 2.13038E-06 1.62983E-03 1.24724E+00 
7.55847E+02 1.48855E-06 1.14738E-03 8.84589E-01 
7.63888E+02 9.83562E-07 7.63743E-04 5.93136E-01 
7.71929E+02 5.99234E-07 4.68690E-04 3.66619E-01 
7.79970E+02 3.21047E-07 2.52898E-04 1.99225E-01 
7.88011E+02 1.35982E-07 1.07867E-04 8.55674E-02 
7.96051E+02 3.24180E-08 2.58923E-05 2.06803E-02 
